idx roll pitch yaw
1000000.0	-5.214813232421875	-28.16452407836914	-0.5938930511474609	
1000010.0	-1.430074691772461	-28.93320083618164	-4.053188323974609	
1000020.0	-4.30106258392334	-27.23931312561035	-0.6555204391479492	
1000030.0	-1.426407814025879	-28.498706817626953	-1.2634010314941406	
1000040.0	-1.8273687362670898	-29.1005916595459	-0.09948348999023438	
1000050.0	-2.2406038443247476	-28.00314712524414	0.3813196023305257	
1000060.0	-1.8815027077992756	-27.86643123626709	1.0624103546142578	
1000070.0	-2.171906073888143	-27.62521489461263	1.728002389272054	
1000080.0	-2.2665598392486572	-27.16417948404948	2.1250232060750327	
1000090.0	-2.465908924738566	-26.83697255452474	2.3834501107533774	
1000100.0	-2.8997065226236978	-26.60929266611735	2.802389939626058	
1000110.0	-2.757351795832316	-26.429296175638836	2.7098081906636557	
1000120.0	-2.96341602007548	-26.531137148539226	2.6863511403401694	
1000130.0	-2.821028550465902	-26.333105723063152	2.7680416107177734	
1000140.0	-2.8368229071299234	-26.270407994588215	2.9130654335021973	
1000150.0	-2.8526172637939453	-26.20771026611328	3.058089256286621	
1000160.0	-2.931129773457845	-25.801976839701336	2.958667278289795	
1000170.0	-3.26249361038208	-25.701571464538574	3.1098920504252114	
1000180.0	-3.238862991333008	-25.316476186116535	2.8801337083180747	
1000190.0	-3.3873274326324463	-25.126962025960285	2.7259155909220376	
1000200.0	-3.5818357467651367	-25.142198880513508	2.7097146113713584	
1000210.0	-3.776344060897827	-25.15743573506673	2.6935136318206787	
1000220.0	-3.783647139867147	-25.29085381825765	2.702970822652181	
1000230.0	-4.043533643086751	-25.508262316385906	2.821698864301046	
1000240.0	-4.548036893208821	-25.573668162027996	3.195651729901632	
1000250.0	-5.586411158243815	-25.53152338663737	3.4484899441401162	
1000260.0	-6.747770627339681	-25.689835866292317	3.933419624964396	
1000270.0	-7.909130096435547	-25.848148345947266	4.418349305788676	
1000280.0	-9.657702843348185	-25.871848424275715	4.9664798974990845	
1000290.0	-11.322893460591635	-25.769961992899578	5.566744168599446	
1000300.0	-13.162409941355387	-25.943711916605633	6.214362144470215	
1000310.0	-14.586407820383707	-26.027496655782063	6.986806233723958	
1000320.0	-16.249515851338703	-25.84450848897298	7.267755587895711	
1000330.0	-18.02080774307251	-25.623891194661457	7.795381625493367	
1000340.0	-19.094924926757812	-25.6632137298584	8.318081458409628	
1000350.0	-20.049414316813152	-25.571275393168133	8.279668966929117	
1000360.0	-20.973161697387695	-25.245190302530926	8.421392917633057	
1000370.0	-22.239299138387043	-25.046180725097656	8.530078093210856	
1000380.0	-23.089641571044922	-24.732545534769695	8.439563989639282	
1000390.0	-24.063089688618977	-24.740408897399902	8.141796986262003	
1000400.0	-25.036537806193035	-24.74827226003011	7.844029982884725	
1000410.0	-26.422627766927082	-24.603573163350422	7.804134289423625	
1000420.0	-27.48440392812093	-24.602243423461914	7.4257166385650635	
1000430.0	-28.645793596903484	-24.685272216796875	7.161353429158528	
1000440.0	-29.846569379170734	-24.68340841929118	7.001601775487264	
1000450.0	-30.979946454366047	-24.40512498219808	6.730568726857503	
1000460.0	-32.34468301137289	-24.04092311859131	6.280749797821045	
1000470.0	-33.188639640808105	-23.934561093648274	5.881961743036906	
1000480.0	-34.240604400634766	-23.80633767445882	6.099476257960002	
1000490.0	-35.28023020426432	-23.88909848531087	6.073338747024536	
1000500.0	-36.03159205118815	-23.925504366556805	6.200794537862142	
1000510.0	-36.83662668863932	-23.889473915100098	6.774125178654988	
1000520.0	-37.61198488871256	-24.087973594665527	7.517309268315633	
1000530.0	-38.315608978271484	-24.41733964284261	8.034596840540567	
1000540.0	-38.97790273030599	-24.766231854756672	8.005103667577108	
1000550.0	-39.29496383666992	-24.92950661977132	8.251662254333496	
1000560.0	-39.63458506266276	-25.045094807942707	8.508014043172201	
1000570.0	-39.74543380737305	-25.259225209554035	8.522453625996908	
1000580.0	-39.64426358540853	-25.316024462382	8.479183197021484	
1000590.0	-39.91208267211914	-25.331590970357258	8.668144861857096	
1000600.0	-40.17990175882975	-25.34715747833252	8.857106526692709	
1000610.0	-39.910643895467125	-24.996122360229492	8.849629878997803	
1000620.0	-39.98282368977865	-24.912997245788574	8.864988009134928	
1000630.0	-39.7821413675944	-24.649813652038574	8.96135679880778	
1000640.0	-39.56260681152344	-24.52864646911621	8.94467051823934	
1000650.0	-39.12260945638021	-24.220491409301758	8.421537081400553	
1000660.0	-38.573296229044594	-23.933461507161457	8.12110185623169	
1000670.0	-38.36423683166504	-23.972640991210938	7.836102485656738	
1000680.0	-38.01320012410482	-23.93392499287923	7.453809340794881	
1000690.0	-38.07774861653646	-23.998273849487305	6.809418678283691	
1000700.0	-37.76922416687012	-23.864147822062176	6.140103896458943	
1000710.0	-37.26659965515137	-23.98815409342448	6.043926000595093	
1000720.0	-36.459370930989586	-24.244810104370117	5.567849795023601	
1000730.0	-35.824131647745766	-24.586010932922363	5.53020962079366	
1000740.0	-34.3144261042277	-24.767510414123535	5.303766965866089	
1000750.0	-32.6732063293457	-24.99244785308838	5.126306136449178	
1000760.0	-31.795952161153156	-25.316349347432453	5.1220777829488116	
1000770.0	-30.56832218170166	-25.28005822499593	4.896726528803508	
1000780.0	-29.51949628194173	-24.92030080159505	4.64936900138855	
1000790.0	-28.395411491394043	-24.701476097106934	4.472973346710205	
1000800.0	-27.926436106363933	-24.485758145650227	4.522906223932902	
1000810.0	-27.45746072133382	-24.270040194193523	4.572839101155599	
1000820.0	-26.474956512451172	-24.27488613128662	4.53278923034668	
1000830.0	-25.545467058817547	-24.342212359110516	4.7615024248758955	
1000840.0	-24.15757687886556	-24.281490961710613	4.805415789286296	
1000850.0	-22.216467539469402	-24.110968907674152	4.3904128074646	
1000860.0	-20.405237515767414	-23.96110184987386	3.8473520278930664	
1000870.0	-18.59400749206543	-23.811234792073567	3.304291248321533	
1000880.0	-16.876203378041584	-23.675521850585938	3.218296845753988	
1000890.0	-15.19392697016398	-23.773746808369953	2.8416133721669516	
1000900.0	-14.013908386230469	-24.320781071980793	3.107788324356079	
1000910.0	-13.041799545288086	-24.995006561279297	2.9945539633433023	
1000920.0	-12.016570727030436	-25.376590728759766	3.1091255346934	
1000930.0	-10.991341908772787	-25.758174896240234	3.2236971060434976	
1000940.0	-9.916908582051596	-26.130930582682293	3.0877955754597983	
1000950.0	-9.17051919301351	-26.443052927652996	3.2274014155069985	
1000960.0	-8.531852801640829	-26.3966064453125	2.8243354161580405	
1000970.0	-7.8724580605824785	-26.2018035252889	2.540923754374186	
1000980.0	-7.052292188008626	-26.36353079477946	2.0535300572713218	
1000990.0	-6.2321263154347735	-26.52525806427002	1.566136360168457	
1001000.0	-4.989148855209351	-26.557665824890137	1.1866352558135986	
1001010.0	-3.530464251836141	-26.45991325378418	0.46895496050516766	
1001020.0	-2.044224421183268	-26.788912137349445	0.2847772439320882	
1001030.0	-0.15172084172566733	-27.022382736206055	-1.1157658100128174	
1001040.0	2.2033514181772866	-27.27553876241048	-2.5117536385854087	
1001050.0	4.558423678080241	-27.52869478861491	-3.9077414671579995	
1001060.0	7.09375540415446	-28.128390947977703	-6.212560256322225	
1001070.0	9.679571469624838	-28.769670804341633	-8.498694658279419	
1001080.0	12.674034913380941	-29.148128191630047	-11.436528205871582	
1001090.0	15.224816163380941	-29.61438242594401	-12.929746150970459	
1001100.0	17.068671544392902	-29.837066968282063	-14.061299959818522	
1001110.0	18.912526925404865	-30.059751510620117	-15.192853768666586	
1001120.0	20.290216128031414	-29.830037434895832	-15.33391523361206	
1001130.0	21.972915649414062	-29.154247283935547	-15.347266356150309	
1001140.0	23.365290641784668	-28.624587059020996	-14.684067567189535	
1001150.0	24.145375569661457	-27.58679135640462	-13.750348409016928	
1001160.0	24.889691988627117	-27.155481338500977	-13.384692986806234	
1001170.0	25.548276901245117	-26.394755681355793	-13.09110403060913	
1001180.0	25.9623540242513	-25.609532356262207	-13.072290420532227	
1001190.0	24.72353967030843	-25.51016648610433	-12.2574249903361	
1001200.0	24.14249547322591	-25.479142824808758	-11.144373257954916	
1001210.0	23.4733403523763	-25.822259585062664	-9.90593417485555	
1001220.0	22.34641234079997	-25.680092811584473	-8.45093814531962	
1001230.0	20.73177496592204	-26.12374273935954	-6.410236279169719	
1001240.0	19.11713759104411	-26.5673926671346	-4.369534413019816	
1001250.0	20.38425890604655	-26.808483441670734	-3.9337550004323325	
1001260.0	21.183685938517254	-26.848609924316406	-4.460108995437622	
1001270.0	22.45953877766927	-26.81020387013753	-5.46110733350118	
1001280.0	24.50052611033122	-26.9073699315389	-6.779363791147868	
1001290.0	25.383371988932293	-27.4413906733195	-7.922175884246826	
1001300.0	26.266217867533367	-27.975411415100098	-9.064987977345785	
1001310.0	26.500419934590656	-28.160097122192383	-9.826699574788412	
1001320.0	26.31513214111328	-28.374844551086426	-10.218997796376547	
1001330.0	26.483829816182453	-28.57705593109131	-10.778388977050781	
1001340.0	25.359279950459797	-29.025948842366535	-10.338764985402426	
1001350.0	26.656088829040527	-28.592135429382324	-11.102768739064535	
1001360.0	27.99068832397461	-28.141814867655437	-12.073745568593344	
1001370.0	28.046489079793293	-27.989413579305012	-12.713095823923746	
1001380.0	28.10228983561198	-27.83701229095459	-13.35244607925415	
1001390.0	26.86159038543701	-27.70196278889974	-12.725826263427734	
1001400.0	25.47985299428304	-27.581517855326336	-12.705868562062582	
1001410.0	23.56807804107666	-27.7288335164388	-11.381587823232016	
1001420.0	21.425251960754395	-27.72511100769043	-9.558025042215982	
1001430.0	19.78471342722575	-27.62957000732422	-8.883328755696615	
1001440.0	18.1441748936971	-27.534029006958008	-8.208632469177246	
1001450.0	17.761862754821777	-27.507510503133137	-9.515221754709879	
1001460.0	18.7132666905721	-27.490475336710613	-10.981048107147217	
1001470.0	18.5742769241333	-27.469807306925457	-13.084371089935303	
1001480.0	17.84995937347412	-27.577157338460285	-14.707382520039877	
1001490.0	16.964462916056316	-27.869860013326008	-15.133959770202637	
1001500.0	16.30427598953247	-28.251745859781902	-15.672457536061605	
1001510.0	15.32046381632487	-28.685540835062664	-15.268787066141764	
1001520.0	12.778781731923422	-28.76936435699463	-13.675516446431478	
1001530.0	10.939577102661133	-28.967255274454754	-12.474774996439615	
1001540.0	9.499028205871582	-28.948118527730305	-11.162458737691244	
1001550.0	7.308203061421712	-28.83707110087077	-9.493820826212565	
1001560.0	4.892068386077881	-28.636840502421062	-7.713262399037679	
1001570.0	2.064572890599569	-28.350776036580402	-5.665792147318522	
1001580.0	0.4256479740142822	-28.112559636433918	-4.201962232589722	
1001590.0	-1.640448013941447	-27.949458758036297	-2.294599453608195	
1001600.0	-3.6555604139963784	-27.765910466512043	-0.781151533126831	
1001610.0	-5.60819395383199	-27.607274373372395	1.0836914380391438	
1001620.0	-7.823416153589885	-27.27237383524577	2.961010773976644	
1001630.0	-9.627277533213297	-27.02330716451009	4.571418285369873	
1001640.0	-11.216502984364828	-26.622434616088867	5.7986860275268555	
1001650.0	-12.224250634511312	-26.09384886423747	6.811601797739665	
1001660.0	-12.643491427103678	-25.837891578674316	6.967494010925293	
1001670.0	-12.668325583140055	-25.77140235900879	6.744998534520467	
1001680.0	-12.354748566945394	-25.86050542195638	6.456888993581136	
1001690.0	-12.041171550750732	-25.949608484903973	6.168779452641805	
1001700.0	-11.53823184967041	-26.107975641886394	5.5928733348846436	
1001710.0	-10.82597271601359	-26.05359999338786	4.8733069896698	
1001720.0	-10.359906991322836	-26.061559359232586	4.892576773961385	
1001730.0	-9.967190901438395	-25.945985476175945	4.556295156478882	
1001740.0	-9.367042382558187	-25.788331031799316	4.208754738171895	
1001750.0	-8.57163667678833	-25.483666737874348	3.8250033855438232	
1001760.0	-8.04621950785319	-25.28133996327718	3.7806639273961387	
1001770.0	-7.734914064407349	-25.250272750854492	3.7759610414505005	
1001780.0	-7.382370948791504	-25.397725423177082	3.4142877658208213	
1001790.0	-6.807296593983968	-25.368172645568848	3.2068176666895547	
1001800.0	-6.835821469624837	-25.55319945017497	3.0506130854288735	
1001810.0	-7.0596035321553545	-25.885236104329426	2.9306194384892783	
1001820.0	-7.066736539204915	-26.521572430928547	2.79465913772583	
1001830.0	-7.30261508623759	-27.105719566345215	2.8993619283040366	
1001840.0	-7.714814821879069	-27.73146915435791	3.111387252807617	
1001850.0	-8.226423899332682	-28.24055576324463	3.5631566047668457	
1001860.0	-8.31659746170044	-29.018305778503418	3.744412104288737	
1001870.0	-8.406771024068197	-29.796055793762207	3.9256676038106284	
1001880.0	-8.251184781392416	-30.926304817199707	3.7934955755869546	
1001890.0	-7.781073570251465	-32.02921676635742	3.5388766129811606	
1001900.0	-6.923365434010823	-33.44021352132162	3.112546761830648	
1001910.0	-6.468414465586345	-35.767608642578125	2.854421695073446	
1001920.0	-5.890812953313191	-37.88856188456217	2.7287047704060874	
1001930.0	-5.313211441040039	-40.009515126546226	2.602987845738729	
1001940.0	-5.90211804707845	-41.48823928833008	3.2653011480967202	
1001950.0	-5.42043415705363	-42.79669698079427	3.1744685967763266	
1001960.0	-5.773228804270427	-42.72314198811849	4.000003099441528	
1001970.0	-5.744479974110921	-42.000786463419594	4.424484570821126	
1001980.0	-5.939472913742065	-41.064382553100586	5.000202735265096	
1001990.0	-5.400274276733398	-40.63220469156901	4.192642688751221	
1002000.0	-3.2023213704427085	-39.49090703328451	3.408437410990397	
1002010.0	-1.4222898483276367	-38.38224665323893	3.2190834681193032	
1002020.0	1.091309388478597	-39.97847557067871	2.351617972056071	
1002030.0	3.3567236264546714	-40.94478416442871	1.2128872871398926	
1002040.0	6.349801540374756	-41.953770319620766	1.1215726534525554	
1002050.0	8.60868787765503	-42.45853042602539	2.413536230723063	
1002060.0	10.239579995473227	-45.302735010782875	3.1608250935872397	
1002070.0	12.022112687428793	-48.50505383809408	2.8324302037556968	
1002080.0	12.79737647374471	-49.70001665751139	2.6921614011128745	
1002090.0	13.842432339986166	-51.35891850789388	5.247505982716878	
1002100.0	13.47203254699707	-53.65091133117676	4.40500275293986	
1002110.0	13.526787122090658	-57.00478871663412	2.2358174324035645	
1002120.0	13.254880905151367	-58.71377182006836	0.12931601206461588	
1002130.0	12.257157961527506	-59.20007197062174	-1.7648746172587078	
1002140.0	12.180845419565836	-59.910797119140625	-3.092478593190511	
1002150.0	14.060834248860678	-59.45005098978678	-10.465840180714926	
1002160.0	15.12104860941569	-58.76873461405436	-14.436593214670816	
1002170.0	15.15679899851481	-57.31114196777344	-16.99872128168742	
1002180.0	14.884701410929361	-57.1012757619222	-19.863030910491943	
1002190.0	14.695703029632568	-57.88220024108887	-21.397698720296223	
1002200.0	14.427596092224121	-58.53701082865397	-23.87606906890869	
1002210.0	11.500338236490885	-59.42785898844401	-20.07473850250244	
1002220.0	8.465730349222818	-61.09727350870768	-14.239038785298666	
1002230.0	6.509200731913249	-61.836466471354164	-10.99775759379069	
1002240.0	5.352433522542317	-61.47401491800944	-10.687686602274576	
1002250.0	4.205059846242269	-60.47194608052572	-11.613283475240072	
1002260.0	3.05768616994222	-59.46987724304199	-12.538880348205566	
1002270.0	2.873642921447754	-59.91024907430013	-16.482160568237305	
1002280.0	4.941583633422852	-56.71209144592285	-22.70001220703125	
1002290.0	6.23328177134196	-55.28290303548177	-27.82957935333252	
1002300.0	6.936896642049153	-53.97003936767578	-30.132622083028156	
1002310.0	7.4588572184244795	-53.0494639078776	-30.81906541188558	
1002320.0	7.865650812784831	-52.1110897064209	-31.401355743408203	
1002330.0	7.9903564453125	-50.83168983459473	-31.62425422668457	
1002340.0	7.138923009236653	-52.84110323588053	-33.862269719441734	
1002350.0	7.187934557596843	-52.33412869771322	-33.902730305989586	
1002360.0	4.79493776957194	-53.05656623840332	-25.135461807250977	
1002370.0	4.182492574055989	-53.45575523376465	-20.772020657857258	
1002380.0	3.000091870625814	-54.52331034342448	-15.618219057718912	
1002390.0	1.817691167195638	-55.59086545308431	-10.464417457580566	
1002400.0	1.7433404922485352	-55.909080505371094	-7.229195276896159	
1002410.0	0.807469367980957	-57.468052546183266	-2.074939409891764	
1002420.0	1.7817668914794922	-58.05851809183756	-3.600316047668457	
1002430.0	1.1106478373209636	-58.633012771606445	-0.2813836733500163	
1002440.0	1.124651273091634	-58.55694007873535	2.1430352528889975	
1002450.0	0.8514747619628906	-58.7304318745931	4.376766840616862	
1002460.0	0.8824249903361002	-57.449578603108726	9.585622469584147	
1002470.0	0.17617209752400717	-55.96258099873861	13.498719533284506	
1002480.0	0.4452713330586751	-53.03594144185384	16.166903813680012	
1002490.0	0.48322025934855145	-51.214717864990234	16.641998132069904	
1002500.0	0.7426557540893555	-49.608071645100914	16.176727135976154	
1002510.0	0.9224187533060709	-47.58125114440918	16.580570697784424	
1002520.0	0.029076576232910156	-46.874067306518555	17.131012121836346	
1002530.0	-0.3455971082051595	-46.60792859395345	15.942635377248129	
1002540.0	-1.0816651980082195	-46.84685198465983	14.103713353474935	
1002550.0	-2.612372875213623	-46.66453552246094	13.490954399108887	
1002560.0	-4.085882981618245	-47.083414713541664	13.109090328216553	
1002570.0	-5.245301564534505	-47.20404243469238	12.137542247772217	
1002580.0	-6.404720147450765	-47.3246701558431	11.16599416732788	
1002590.0	-6.978048324584961	-47.24993324279785	9.664119005203247	
1002600.0	-7.367075840632121	-47.208200454711914	7.913140853246053	
1002610.0	-7.123191754023234	-46.611342112223305	6.577489693959554	
1002620.0	-6.9708826541900635	-45.00112279256185	5.370866219202678	
1002630.0	-6.765812635421753	-43.85976473490397	4.075499534606934	
1002640.0	-6.475533803304036	-42.16219520568848	2.7061659495035806	
1002650.0	-6.7026370366414385	-40.08805402119955	2.7007172107696533	
1002660.0	-6.909525473912557	-37.95615895589193	2.950795888900757	
1002670.0	-6.64820408821106	-36.26472473144531	2.6875950495402017	
1002680.0	-6.660334587097168	-34.40771643320719	3.2283194065093994	
1002690.0	-6.575509866078694	-32.86828454335531	3.3967298666636148	
1002700.0	-6.575893958409627	-31.885064125061035	3.6391072273254395	
1002710.0	-6.076481342315674	-31.29307492574056	3.4554731051127114	
1002720.0	-5.774694760640462	-31.080801963806152	3.407442013422648	
1002730.0	-5.762892087300618	-30.6423765818278	3.2683115800221763	
1002740.0	-5.509596506754558	-30.78524112701416	3.0472215016682944	
1002750.0	-5.114307443300883	-30.623565355936687	3.215388536453247	
1002760.0	-4.719018379847209	-30.46188958485921	3.3835555712381997	
1002770.0	-4.329555193583171	-29.90971914927165	3.2855873902638755	
1002780.0	-3.9524938265482583	-29.31150754292806	3.3563453356424966	
1002790.0	-3.3951226075490317	-29.138172149658203	3.148111263910929	
1002800.0	-2.680317481358846	-28.69608434041341	2.6442089080810547	
1002810.0	-2.5638198455174765	-28.3810879389445	2.2809089024861655	
1002820.0	-2.2577779293060303	-27.807862281799316	1.7238632043202717	
1002830.0	-2.0373311837514243	-27.7222105662028	1.3675857384999592	
1002840.0	-1.8651549021402996	-27.76305866241455	0.9148726463317871	
1002850.0	-1.790218989054362	-27.618489901224773	0.7646161715189616	
1002860.0	-2.1341097354888916	-27.57854111989339	0.7041433652242025	
1002870.0	-2.057817300160726	-27.299456278483074	0.4456488291422526	
1002880.0	-2.425151546796163	-27.375115076700848	0.6279993851979574	
1002890.0	-2.6640834410985312	-27.36253293355306	0.5499091943105062	
1002900.0	-2.7980072100957236	-27.273518562316895	0.39201903343200684	
1002910.0	-2.630059838294983	-27.098293940226238	0.49576377868652344	
1002920.0	-2.3558698892593384	-26.86907386779785	0.6638703346252441	
1002930.0	-2.283932328224182	-26.86180305480957	0.8529195785522461	
1002940.0	-2.0248311360677085	-26.792027473449707	0.8431020577748617	
1002950.0	-1.9644173781077068	-26.90885003407796	0.9256672859191895	
1002960.0	-1.8522807757059734	-26.945167859395344	1.1611073811848958	
1002970.0	-2.0209810733795166	-27.201258023579914	1.0573861598968506	
1002980.0	-2.282982269922892	-27.451823552449543	0.7477918465932211	
1002990.0	-2.403555472691854	-27.579448382059734	0.4577310085296631	
1003000.0	-2.6017254988352456	-27.75812816619873	0.25400280952453613	
1003010.0	-2.7514114379882812	-27.820099194844563	0.6686627864837646	
1003020.0	-3.176099936167399	-28.21360143025716	1.3798869450887044	
1003030.0	-3.3910419940948486	-28.34532578786214	2.1241767406463623	
1003040.0	-3.519804358482361	-28.30547269185384	2.8823978900909424	
1003050.0	-3.9050434033075967	-28.771716753641766	4.344194809595744	
1003060.0	-4.145766854286194	-29.152896245320637	5.671426455179851	
1003070.0	-4.254911303520203	-29.145875930786133	6.823975086212158	
1003080.0	-4.357377807299296	-29.102702776590984	7.832663218180339	
1003090.0	-5.0725817282994585	-28.84766419728597	9.418636480967203	
1003100.0	-4.876355330149333	-28.66270923614502	10.751919110616049	
1003110.0	-4.088661750157674	-28.723148663838703	11.264450709025065	
1003120.0	-2.7208550771077475	-27.4266258875529	11.928493658701578	
1003130.0	-1.462826410929362	-26.536654472351074	12.316889444986979	
1003140.0	-0.272305965423584	-25.492836316426594	13.68890651067098	
1003150.0	1.074370543162028	-24.78860314687093	14.397236982981363	
1003160.0	1.5714656511942546	-23.723941802978516	15.983583132425943	
1003170.0	1.1460680961608887	-22.217500686645508	19.45906098683675	
1003180.0	0.14055744806925455	-22.068021774291992	22.78302748998006	
1003190.0	-0.7182809511820475	-22.503737767537434	26.554637273152668	
1003200.0	-0.9713590939839681	-22.44946511586507	28.87654749552409	
1003210.0	-0.9483760197957357	-22.64378770192464	32.026548067728676	
1003220.0	-1.589413324991862	-23.56979497273763	36.050055185953774	
1003230.0	-0.8672482172648112	-24.171778043111164	38.49060948689779	
1003240.0	-0.9480083783467611	-25.06124273935954	41.757659912109375	
1003250.0	-1.175440788269043	-25.365512530008953	44.577067057291664	
1003260.0	-1.1460943222045898	-25.767741521199543	47.67307090759277	
1003270.0	-1.89663298924764	-25.992775281270344	50.22284126281738	
1003280.0	-1.9127702713012695	-25.544880867004395	51.53293673197428	
1003290.0	-2.849240779876709	-25.280998547871906	52.65381622314453	
1003300.0	-3.0206689834594727	-24.743746757507324	52.88545608520508	
1003310.0	-3.1920971870422363	-24.206494967142742	53.117095947265625	
1003320.0	-4.237127145131429	-23.68024730682373	53.61419868469238	
1003330.0	-4.398852984110515	-23.476537386576336	54.015312830607094	
1003340.0	-4.739239692687988	-23.62483247121175	54.34585952758789	
1003350.0	-4.7488471666971845	-23.522089958190918	54.91078122456869	
1003360.0	-4.720571676890056	-23.405235290527344	55.5384464263916	
1003370.0	-4.677794297536214	-23.282036145528156	56.51657231648763	
1003380.0	-4.668535868326823	-23.79232184092204	57.8139902750651	
1003390.0	-4.39149808883667	-23.96457036336263	59.00887870788574	
1003400.0	-4.030506610870361	-24.204270044962566	60.03193728129069	
1003410.0	-3.7786854108174643	-24.456456820170086	60.7616278330485	
1003420.0	-3.526864210764567	-24.708643595377605	61.49131838480631	
1003430.0	-3.325615406036377	-25.356815973917644	62.00955390930176	
1003440.0	-2.8747865358988443	-25.487821578979492	62.047722498575844	
1003450.0	-3.308081309000651	-25.61085319519043	62.44817543029785	
1003460.0	-3.719072182973226	-25.795589129130047	62.87712287902832	
1003470.0	-4.7539143562316895	-26.01012897491455	63.53240521748861	
1003480.0	-5.788756529490153	-26.224668820699055	64.1876875559489	
1003490.0	-6.451730012893677	-26.017162958780926	64.78158950805664	
1003500.0	-7.326988458633423	-26.237727483113606	65.07702509562175	
1003510.0	-7.652090152104695	-26.071590741475422	65.09983698527019	
1003520.0	-8.05470379193624	-25.811259269714355	65.21960957845052	
1003530.0	-7.437854528427124	-25.638855298360188	64.83283551534016	
1003540.0	-6.82100526491801	-25.466451327006023	64.44606145222981	
1003550.0	-6.311050891876221	-25.422131538391113	63.866353352864586	
1003560.0	-5.634917259216309	-25.17889976501465	63.420494079589844	
1003570.0	-4.902355829874675	-25.29815451304118	62.907463709513344	
1003580.0	-4.307243824005127	-25.42410151163737	62.49948501586914	
1003590.0	-4.129218578338623	-25.351893424987793	62.51197942097982	
1003600.0	-3.951193332672119	-25.279685338338215	62.52447382609049	
1003610.0	-4.313512802124023	-25.419374465942383	62.91982650756836	
1003620.0	-4.518485069274902	-25.52270444234212	63.20910390218099	
1003630.0	-4.886210918426514	-25.608401934305828	63.52728080749512	
1003640.0	-5.096812725067139	-25.693405469258625	63.71053695678711	
1003650.0	-5.4171872933705645	-25.956465403238933	63.898749669392906	
1003660.0	-5.737561861673991	-26.21952533721924	64.0869623819987	
1003670.0	-5.675447146097819	-26.17162322998047	63.8724676767985	
1003680.0	-5.891249815622966	-26.020394961039226	63.91651980082194	
1003690.0	-5.737668514251709	-25.860640207926433	63.64671770731608	
1003700.0	-5.6608626047770185	-25.97266165415446	63.42636934916178	
1003710.0	-5.114230394363403	-26.175453186035156	62.956677754720054	
1003720.0	-4.567598183949788	-26.37824471791585	62.48698616027832	
1003730.0	-3.971128304799398	-26.725327173868816	62.09153429667155	
1003740.0	-2.4155556360880532	-27.05436134338379	61.25442441304525	
1003750.0	-1.2717461585998535	-27.383447964986164	60.73286819458008	
1003760.0	-0.14934110641479492	-27.359371185302734	60.21377690633138	
1003770.0	1.0195873578389485	-26.749582926432293	60.00685946146647	
1003780.0	2.3345066706339517	-26.099785804748535	59.527061462402344	
1003790.0	3.5285404523213706	-25.309082984924316	59.108181635538735	
1003800.0	4.197847048441569	-24.32554753621419	58.7742665608724	
1003810.0	4.741366545359294	-23.68846066792806	58.42266273498535	
1003820.0	5.630384922027588	-22.881183624267578	58.03912798563639	
1003830.0	5.7484151522318525	-22.71504243214925	57.59895579020182	
1003840.0	5.561290582021077	-22.487988471984863	57.743743896484375	
1003850.0	5.374166011810303	-22.260934511820476	57.88853200276693	
1003860.0	4.954943021138509	-22.651443481445312	57.95687993367513	
1003870.0	4.542259534200032	-22.751474380493164	58.03033574422201	
1003880.0	3.5597893397013345	-23.117120424906414	58.158016204833984	
1003890.0	2.2164443333943686	-23.662843068440754	58.37992413838705	
1003900.0	0.9124220212300619	-24.389904975891113	58.53397305806478	
1003910.0	-0.7689423561096191	-25.05660343170166	58.88236045837402	
1003920.0	-2.5732274850209556	-25.35471820831299	60.140193939208984	
1003930.0	-4.197052001953125	-25.599753379821777	61.405043284098305	
1003940.0	-6.243333498636882	-25.903489748636883	62.51237233479818	
1003950.0	-8.001656850179037	-25.855988184611004	63.59075164794922	
1003960.0	-10.18231232961019	-25.675657908121746	64.76174926757812	
1003970.0	-12.462694009145102	-25.628327051798504	65.8542849222819	
1003980.0	-14.613819201787313	-25.70937983194987	66.30157979329427	
1003990.0	-17.437719980875652	-25.96007251739502	66.86622746785481	
1004000.0	-20.19646231333415	-25.97597599029541	67.69054794311523	
1004010.0	-21.990118662516277	-25.599666913350422	68.17923482259114	
1004020.0	-23.697751998901367	-25.36614481608073	68.53964869181316	
1004030.0	-25.566088040669758	-25.280480066935223	68.40519841512044	
1004040.0	-27.784650484720867	-25.292887687683105	68.73636881510417	
1004050.0	-29.330437342325848	-25.135655403137207	68.95018641153972	
1004060.0	-30.502344131469727	-25.007557551066082	68.83056259155273	
1004070.0	-32.54631805419922	-25.041242599487305	69.03502400716145	
1004080.0	-33.92491881052653	-25.227698008219402	69.03297297159831	
1004090.0	-34.64693069458008	-24.92340596516927	69.66540781656902	
1004100.0	-34.878031412760414	-24.58894220987956	70.16283289591472	
1004110.0	-35.09120241800944	-24.64555899302165	70.29124196370442	
1004120.0	-34.99335543314616	-24.850817680358887	70.6563237508138	
1004130.0	-34.893738428751625	-25.04049777984619	70.87307866414388	
1004140.0	-34.92171096801758	-25.2554988861084	71.41872787475586	
1004150.0	-34.875596364339195	-25.479061126708984	71.55970891316731	
1004160.0	-34.5659122467041	-25.736096064249676	71.58520889282227	
1004170.0	-34.43643124898275	-25.48501141866048	71.60224533081055	
1004180.0	-34.09228070576986	-25.434752146402996	71.87589009602864	
1004190.0	-33.46109199523926	-25.626686096191406	72.1519266764323	
1004200.0	-32.88478342692057	-25.62272294362386	71.82125600179036	
1004210.0	-32.52724520365397	-25.764127731323242	71.72449493408203	
1004220.0	-31.90876801808675	-25.90192763010661	71.47201156616211	
1004230.0	-31.29665247599284	-25.95859654744466	71.40269343058269	
1004240.0	-30.999940554300945	-25.691518783569336	70.86977767944336	
1004250.0	-30.70322863260905	-25.42444101969401	70.33686192830403	
1004260.0	-29.895222345987957	-25.337622960408527	70.58560562133789	
1004270.0	-28.962650934855144	-25.15973885854085	70.42580668131511	
1004280.0	-28.508503278096516	-25.032989819844563	69.99623616536458	
1004290.0	-27.62361240386963	-25.26666196187337	70.029052734375	
1004300.0	-26.695993423461914	-25.378270467122395	70.05143356323242	
1004310.0	-26.066836675008137	-25.683194160461426	69.94685236612956	
1004320.0	-25.975727399190266	-25.73528798421224	69.33637110392253	
1004330.0	-25.106266975402832	-25.815998713175457	69.08443959554036	
1004340.0	-24.74076207478841	-25.69973150889079	68.96506881713867	
1004350.0	-23.55825678507487	-25.507896105448406	68.66666793823242	
1004360.0	-21.030079046885174	-25.48352877298991	68.30147171020508	
1004370.0	-17.99099810918172	-25.189917882283527	67.90799458821614	
1004380.0	-14.951917171478271	-24.89630699157715	67.51451746622722	
1004390.0	-11.586482365926107	-24.628983815511067	66.55390803019206	
1004400.0	-7.52651834487915	-24.12325382232666	65.75740750630696	
1004410.0	-4.123914877573649	-23.23074944814046	64.63980420430501	
1004420.0	-1.5975759824117024	-22.31967067718506	63.738158543904625	
1004430.0	1.1911780039469402	-21.032527287801106	62.980198542277016	
1004440.0	3.9799319903055825	-19.745383898417156	62.222238540649414	
1004450.0	6.2640274365743	-18.677615483601887	61.61121622721354	
1004460.0	8.620790004730225	-18.022841771443684	60.671627044677734	
1004470.0	10.500955581665039	-17.774524370829266	60.27161407470703	
1004480.0	11.993642965952555	-17.996020317077637	60.16100056966146	
1004490.0	13.488064448038736	-18.928366978963215	60.31381352742513	
1004500.0	14.982485930124918	-19.860713640848797	60.466626485188804	
1004510.0	16.25177001953125	-20.569523493448894	60.828512827555336	
1004520.0	17.66852394739787	-21.203200976053875	61.131402333577476	
1004530.0	19.28510348002116	-21.67508379618327	60.88666979471842	
1004540.0	20.680461565653484	-21.725536346435547	59.67227427164713	
1004550.0	21.64298947652181	-21.68970266977946	58.45950444539388	
1004560.0	22.605517387390137	-21.65386899312337	57.246734619140625	
1004570.0	22.298375447591145	-21.97837193806966	56.122589111328125	
1004580.0	21.336231231689453	-22.807090441385906	55.65971120198568	
1004590.0	20.738520622253418	-24.08144760131836	55.57579231262207	
1004600.0	20.52310784657796	-25.386024475097656	55.66195933024088	
1004610.0	19.24635410308838	-25.749036471048992	55.20458666483561	
1004620.0	17.969600359598797	-26.112048467000324	54.747213999430336	
1004630.0	18.268558502197266	-27.037860870361328	54.95479265848795	
1004640.0	18.814910252888996	-27.31760597229004	54.68576304117838	
1004650.0	18.642582257588703	-27.30915927886963	54.87826347351074	
1004660.0	18.54450511932373	-26.27017084757487	55.634263356526695	
1004670.0	19.464008967081707	-26.000175793965656	56.68030802408854	
1004680.0	19.777525266011555	-25.780014038085938	58.23182169596354	
1004690.0	20.847842852274578	-25.088090260823567	58.55800183614095	
1004700.0	21.138164520263672	-24.79890505472819	58.64327875773112	
1004710.0	21.622789700826008	-24.6386137008667	58.21788342793783	
1004720.0	21.440616289774578	-24.74143695831299	57.935391108194985	
1004730.0	20.64827251434326	-24.93828550974528	58.01640256245931	
1004740.0	20.46191628774007	-25.08530076344808	57.591945012410484	
1004750.0	18.956685702006023	-24.369704882303875	57.89571889241537	
1004760.0	17.79002285003662	-23.58203951517741	58.56436665852865	
1004770.0	16.07161553700765	-22.819898923238117	59.046165466308594	
1004780.0	14.85413901011149	-22.828842163085938	59.28352483113607	
1004790.0	13.60981543858846	-23.004794756571453	59.563511530558266	
1004800.0	12.36549186706543	-23.180747350056965	59.84349822998047	
1004810.0	11.016645749409994	-23.852183659871418	60.290018717447914	
1004820.0	9.689622243245443	-24.11361090342204	60.694627126057945	
1004830.0	8.732573827107748	-24.19469102223714	61.06512196858724	
1004840.0	7.2420932451883955	-24.44380982716878	61.79859479268392	
1004850.0	6.043865362803142	-24.650400797526043	62.20818773905436	
1004860.0	4.632275899251302	-24.804409344991047	62.97224871317545	
1004870.0	3.0176889101664224	-25.182496070861816	63.702802658081055	
1004880.0	1.6328360239664714	-25.730393409729004	64.46789677937825	
1004890.0	0.2432225545247396	-26.055229504903156	65.28143819173177	
1004900.0	-0.9228264490763346	-26.48285961151123	65.84122467041016	
1004910.0	-1.5901147524515789	-26.69615872701009	66.18466059366862	
1004920.0	-2.1549046834309897	-26.782830238342285	66.34637069702148	
1004930.0	-2.43943198521932	-26.729256629943848	66.22101465861003	
1004940.0	-2.72395928700765	-26.67568302154541	66.09565862019856	
1004950.0	-2.806990623474121	-26.769082069396973	66.05310694376628	
1004960.0	-2.9623244603474936	-26.74520492553711	66.08660888671875	
1004970.0	-3.1036015351613364	-26.67215696970622	66.0739351908366	
1004980.0	-2.6654104391733804	-26.94915548960368	65.29714902242024	
1004990.0	-1.3543248971303303	-26.994083722432453	64.79175059000652	
1005000.0	-0.41428685188293457	-27.032872835795086	64.35987663269043	
1005010.0	0.5257511933644613	-27.071661949157715	63.92800267537435	
1005020.0	1.694230318069458	-27.502955436706543	63.20123291015625	
1005030.0	2.825108528137207	-27.750810941060383	62.84670893351237	
1005040.0	2.9960950215657554	-28.00645701090495	62.65899658203125	
1005050.0	2.428147315979004	-28.87068970998128	62.91116269429525	
1005060.0	1.5114534695943196	-30.278088569641113	62.272364934285484	
1005070.0	0.5947596232096354	-31.685487429300945	61.63356717427572	
1005080.0	-0.052641073862711586	-32.40938472747803	60.26377805074056	
1005090.0	-1.1752630869547527	-33.51278591156006	57.92228762308756	
1005100.0	-0.7430853843688965	-34.17605113983154	55.008828481038414	
1005110.0	-1.3178458213806152	-35.23442395528158	51.46332550048828	
1005120.0	-0.16051530838012695	-34.87830352783203	47.18327204386393	
1005130.0	0.9968152046203613	-34.522183100382485	42.903218587239586	
1005140.0	2.003973960876465	-33.87847137451172	37.73979949951172	
1005150.0	4.0018541018168134	-33.63838768005371	32.42413806915283	
1005160.0	4.120988051096599	-33.678378423055015	27.66908597946167	
1005170.0	5.77549393971761	-33.60801378885905	21.38627831141154	
1005180.0	7.235440095265706	-33.64603233337402	15.738670825958252	
1005190.0	9.251373608907064	-33.82837168375651	7.5836555163065595	
1005200.0	11.778178215026855	-34.290903091430664	-0.13202873865763345	
1005210.0	13.754985491434732	-34.261236826578774	-7.912733872731526	
1005220.0	16.54702599843343	-34.21300506591797	-15.257520993550619	
1005230.0	18.352867762247723	-33.423977533976235	-20.8027826944987	
1005240.0	19.06552028656006	-33.12749989827474	-25.953772226969402	
1005250.0	19.362142244974773	-33.08934338887533	-29.76727231343587	
1005260.0	19.59956932067871	-33.11037254333496	-31.517810185750324	
1005270.0	19.74104181925456	-33.06890042622884	-32.27135435740153	
1005280.0	19.844250679016113	-32.92230033874512	-33.86368179321289	
1005290.0	19.877463340759277	-32.72882652282715	-35.904924074808754	
1005300.0	20.424990971883137	-33.290889739990234	-38.284010569254555	
1005310.0	20.822781880696613	-32.75230089823405	-40.26472854614258	
1005320.0	20.624414761861164	-32.67573102315267	-43.16042518615723	
1005330.0	20.426047643025715	-32.59916114807129	-46.056121826171875	
1005340.0	19.2800505956014	-32.674617767333984	-48.51361592610677	
1005350.0	18.523685296376545	-32.06767559051514	-50.94457880655924	
1005360.0	17.86471764246623	-30.766332626342773	-53.087375005086265	
1005370.0	16.5414719581604	-30.97184880574544	-54.753621419270836	
1005380.0	15.398712317148844	-30.47228781382243	-56.125372568766274	
1005390.0	14.255952676137289	-29.972726821899414	-57.49712371826172	
1005400.0	14.746731281280518	-29.754115104675293	-58.52026812235514	
1005410.0	15.43835417429606	-29.878029187520344	-59.28398005167643	
1005420.0	16.54322878519694	-30.706803639729817	-60.14950688680013	
1005430.0	18.22409788767497	-30.762897491455078	-60.89096895853678	
1005440.0	19.810187339782715	-31.16153558095296	-61.673787434895836	
1005450.0	21.411229133605957	-31.353496551513672	-63.2913506825765	
1005460.0	22.350745519002277	-31.143088340759277	-64.8414535522461	
1005470.0	22.837011019388836	-30.93066469828288	-66.2692476908366	
1005480.0	22.682076772054035	-29.8985538482666	-66.6890640258789	
1005490.0	22.921841939290363	-29.112655957539875	-67.627379099528	
1005500.0	22.88011296590169	-28.176695187886555	-68.344788869222	
1005510.0	22.823431650797527	-27.44741153717041	-68.2274538675944	
1005520.0	22.31136480967204	-26.53037675221761	-67.77408599853516	
1005530.0	21.97295888264974	-25.96229616800944	-67.42665100097656	
1005540.0	21.460855801900227	-25.640729268391926	-67.76159922281902	
1005550.0	20.617536226908367	-25.046167691548664	-67.48575083414714	
1005560.0	20.0856196085612	-25.05521043141683	-67.01976776123047	
1005570.0	19.588212966918945	-25.05637009938558	-66.1672757466634	
1005580.0	19.56007258097331	-25.319802284240723	-65.66630299886067	
1005590.0	18.604246775309246	-25.54621918996175	-65.37020556131999	
1005600.0	17.585248470306396	-26.206820487976074	-64.84862327575684	
1005610.0	15.863306045532227	-26.76710255940755	-64.32932217915852	
1005620.0	13.209284464518229	-26.973708470662434	-63.704490661621094	
1005630.0	10.409672419230143	-27.34511661529541	-63.13648796081543	
1005640.0	7.610060373942058	-27.716524759928387	-62.568485260009766	
1005650.0	4.287014087041219	-28.319082578023274	-61.548590342203774	
1005660.0	0.9529666105906168	-28.72571627298991	-59.9639695485433	
1005670.0	-1.969995101292928	-28.896185557047527	-58.69551150004069	
1005680.0	-4.6146384080251055	-28.711832364400227	-57.576921463012695	
1005690.0	-7.14820122718811	-28.37056001027425	-56.78801155090332	
1005700.0	-9.811441024144491	-27.903969446818035	-56.39595286051432	
1005710.0	-11.33281405766805	-27.272450129191082	-55.982229232788086	
1005720.0	-12.65336561203003	-26.435728708902996	-56.38481330871582	
1005730.0	-14.066964944203695	-25.78157647450765	-56.398415883382164	
1005740.0	-14.856712341308594	-25.382381439208984	-56.77872085571289	
1005750.0	-15.933453718821207	-24.96711762746175	-56.29102897644043	
1005760.0	-17.420930067698162	-24.476352373758953	-55.78996340433756	
1005770.0	-18.711790720621746	-24.18158753712972	-55.423038482666016	
1005780.0	-20.06391493479411	-23.937474568684895	-54.681601206461586	
1005790.0	-21.20177682240804	-23.4492244720459	-53.5896422068278	
1005800.0	-22.528079986572266	-23.175999959309895	-52.36616516113281	
1005810.0	-23.567389170328777	-22.91884422302246	-52.010684967041016	
1005820.0	-24.1807804107666	-22.829768498738606	-51.017069498697914	
1005830.0	-24.806955019632976	-22.542133649190266	-50.23106892903646	
1005840.0	-25.642702102661133	-22.124300320943195	-49.23146756490072	
1005850.0	-26.063517570495605	-22.29110622406006	-49.092685063680015	
1005860.0	-26.30182393391927	-22.1921230951945	-49.05937194824219	
1005870.0	-26.540130297342937	-22.093139966328938	-49.02605883280436	
1005880.0	-26.44880199432373	-22.166693687438965	-48.837746938069664	
1005890.0	-26.239458719889324	-22.321503321329754	-48.70683797200521	
1005900.0	-26.017483075459797	-22.50245475769043	-48.554630279541016	
1005910.0	-25.87925370534261	-22.57064151763916	-48.38322067260742	
1005920.0	-25.35388978322347	-22.64263916015625	-48.508361180623375	
1005930.0	-24.684676806132	-22.969746907552082	-48.568129221598305	
1005940.0	-24.13794771830241	-23.10953998565674	-49.33172734578451	
1005950.0	-23.59121863047282	-23.249333063761394	-50.0953254699707	
1005960.0	-22.744770685831707	-23.600480397542317	-51.28285471598307	
1005970.0	-21.388641993204754	-24.244470914204914	-52.84729894002279	
1005980.0	-20.165706316630047	-24.9826561609904	-53.8074893951416	
1005990.0	-18.58121458689372	-25.58298969268799	-54.99568875630697	
1006000.0	-16.859440008799236	-26.6242192586263	-55.4666805267334	
1006010.0	-15.137665430704752	-27.665448824564617	-55.93767229715983	
1006020.0	-13.234848340352377	-28.554107983907063	-57.03006235758463	
1006030.0	-11.504279772440592	-29.25928020477295	-57.01132392883301	
1006040.0	-9.763029416402182	-29.746493657430012	-56.87546412150065	
1006050.0	-8.749247709910074	-30.411919593811035	-56.363381703694664	
1006060.0	-7.602901299794515	-30.712543487548828	-56.769713719685875	
1006070.0	-4.482865333557129	-30.59821128845215	-57.6903928120931	
1006080.0	-1.6466506322224934	-30.529151916503906	-57.800642013549805	
1006090.0	1.9122358957926433	-30.105467478434246	-58.44772402445475	
1006100.0	5.791886329650879	-29.752771695454914	-59.54263242085775	
1006110.0	10.354333718617758	-29.113279342651367	-62.041199366251625	
1006120.0	14.61764653523763	-28.14535109202067	-63.578498204549156	
1006130.0	17.507156372070312	-27.801114718119305	-64.47912915547688	
1006140.0	20.396666208902996	-27.456878344217937	-65.37976010640462	
1006150.0	22.428160031636555	-27.016249656677246	-65.74687194824219	
1006160.0	23.635496457417805	-26.55650266011556	-66.6599006652832	
1006170.0	24.945068041483562	-26.23874060312907	-66.61757151285808	
1006180.0	26.35256067911784	-25.902047793070476	-66.71734364827473	
1006190.0	27.24537467956543	-25.398751576741535	-66.69429016113281	
1006200.0	28.396926879882812	-24.994298299153645	-66.8035062154134	
1006210.0	29.22043005625407	-24.848296483357746	-67.14442698160808	
1006220.0	30.196005821228027	-25.076268513997395	-66.91910807291667	
1006230.0	30.79615370432536	-25.22769546508789	-66.88700739542644	
1006240.0	31.74655596415202	-25.797237396240234	-67.368896484375	
1006250.0	32.77764638264974	-26.732327461242676	-68.4906717936198	
1006260.0	33.54999860127767	-27.56857458750407	-69.48017756144206	
1006270.0	34.36999956766764	-28.431268056233723	-70.30953598022461	
1006280.0	35.610228856404625	-28.777706146240234	-71.41056696573894	
1006290.0	36.691688537597656	-29.47958278656006	-72.5966428120931	
1006300.0	37.28441874186198	-29.831482251485188	-73.43312708536784	
1006310.0	37.561946868896484	-29.986162503560383	-73.7913080851237	
1006320.0	38.13746770222982	-29.960569699605305	-74.16650009155273	
1006330.0	38.66533978780111	-29.908530553181965	-74.70183944702148	
1006340.0	38.858472188313804	-29.875317255655926	-74.69955571492513	
1006350.0	38.25336901346842	-29.289889971415203	-73.75442123413086	
1006360.0	38.243587493896484	-28.690152168273926	-73.33959706624348	
1006370.0	37.94921875	-28.5593360265096	-73.68780136108398	
1006380.0	37.5826416015625	-28.36573886871338	-74.10864639282227	
1006390.0	37.216064453125	-28.172141710917156	-74.52949142456055	
1006400.0	36.33622169494629	-28.285150210062664	-74.58221944173177	
1006410.0	36.64801343282064	-28.503894805908203	-75.13207880655925	
1006420.0	35.82830810546875	-29.042746543884277	-75.45236206054688	
1006430.0	35.198996225992836	-28.798322995503742	-73.99899419148763	
1006440.0	34.34390004475912	-28.796953519185383	-72.45597457885742	
1006450.0	33.20358339945475	-28.822447141011555	-71.2718276977539	
1006460.0	33.1969960530599	-28.621944109598797	-70.74187342325847	
1006470.0	32.06634394327799	-28.19474442799886	-69.32845815022786	
1006480.0	31.43276850382487	-27.718310991923016	-67.48627090454102	
1006490.0	31.403343200683594	-27.365180015563965	-67.5702387491862	
1006500.0	31.176189422607422	-27.004306475321453	-67.64219411214192	
1006510.0	31.234256108601887	-26.616569836934406	-67.35527674357097	
1006520.0	29.82505512237549	-26.438189188639324	-67.05296579996745	
1006530.0	28.861419677734375	-26.78765869140625	-68.10238647460938	
1006540.0	27.63498592376709	-27.179533004760742	-68.76569747924805	
1006550.0	26.10792827606201	-27.639706293741863	-69.51435724894206	
1006560.0	23.20474640528361	-27.97097047170003	-69.23391469319661	
1006570.0	20.450812498728435	-28.806961059570312	-69.04447682698567	
1006580.0	16.793394088745117	-29.439595540364582	-67.96120516459148	
1006590.0	13.39230489730835	-29.78800169626872	-66.34240468343098	
1006600.0	9.347875754038492	-29.597279866536457	-64.98423703511556	
1006610.0	5.109914779663086	-29.690724054972332	-62.290126164754234	
1006620.0	2.4687827428181968	-29.827879269917805	-60.983363469441734	
1006630.0	-0.5062433083852133	-29.628698348999023	-59.71562639872233	
1006640.0	-1.7702520688374836	-29.654626846313477	-59.59907976786295	
1006650.0	-3.0342608292897544	-29.68055534362793	-59.48253313700358	
1006660.0	-3.422168811162313	-29.964644114176433	-59.64605140686035	
1006670.0	-3.6208484172821045	-29.71314303080241	-60.200785319010414	
1006680.0	-3.6125667889912925	-29.36935043334961	-60.52886136372884	
1006690.0	-3.486026128133138	-28.9672794342041	-60.676310221354164	
1006700.0	-3.514526049296061	-28.415879885355633	-60.33556811014811	
1006710.0	-3.5430259704589844	-27.86448033650716	-59.994825998942055	
1006720.0	-3.662544012069702	-27.657033284505207	-59.74462636311849	
1006730.0	-3.3969459533691406	-27.49224026997884	-59.56757164001465	
1006740.0	-3.406371831893921	-27.55691115061442	-59.380255381266274	
1006750.0	-3.306621789932251	-27.502932866414387	-59.32345008850098	
1006760.0	-2.939640998840332	-27.66904576619466	-59.82375272115072	
1006770.0	-2.572660207748413	-27.835158665974934	-60.32405535380045	
1006780.0	-2.2644363244374595	-28.247945149739582	-60.049678802490234	
1006790.0	-2.7562103271484375	-29.40094566345215	-59.66200256347656	
1006800.0	-3.1509424845377603	-30.392062822977703	-59.24026107788086	
1006810.0	-3.9492530822753906	-31.474507013956707	-56.01350084940592	
1006820.0	-4.603955507278442	-32.99879773457845	-52.59759203592936	
1006830.0	-5.140549023946126	-34.432325998942055	-48.02906290690104	
1006840.0	-5.481046994527181	-35.507880528767906	-44.2775084177653	
1006850.0	-5.985535780588786	-36.50377591451009	-40.43431854248047	
1006860.0	-6.392187436421712	-37.979363759358726	-35.94670422871908	
1006870.0	-6.83052674929301	-39.21635818481445	-33.03324635823568	
1006880.0	-7.3769785563151045	-39.66656303405762	-28.5858629544576	
1006890.0	-8.035337527592977	-40.226820627848305	-24.809712251027424	
1006900.0	-8.69369649887085	-40.787078221639	-21.033561547597248	
1006910.0	-9.156627337137857	-39.42602729797363	-17.036828994750977	
1006920.0	-9.210716088612875	-37.57592169443766	-13.255187034606934	
1006930.0	-8.890854040781656	-35.24902884165446	-9.679499626159668	
1006940.0	-8.696364482243856	-33.00332164764404	-7.3995591799418134	
1006950.0	-8.387131532033285	-30.86746629079183	-4.502676328023274	
1006960.0	-8.077898581822714	-28.731610933939617	-1.6057934761047363	
1006970.0	-7.157409747441609	-27.956568717956543	0.9345207214355469	
1006980.0	-7.0920798778533936	-27.002892812093098	3.643230120340983	
1006990.0	-7.227498133977254	-26.914725303649902	5.2735670407613116	
1007000.0	-7.30012305577596	-26.803743998209637	6.5801466306050616	
1007010.0	-7.410585165023804	-26.580921173095703	7.010818640391032	
1007020.0	-7.539111932118733	-26.085488319396973	7.577428817749023	
1007030.0	-7.77660338083903	-25.836977005004883	7.854414304097493	
1007040.0	-7.717570463816325	-25.894113222757976	7.608919461568196	
1007050.0	-7.562687397003174	-25.83456007639567	7.572534243265788	
1007060.0	-7.224452495574951	-26.310885111490887	7.849486351013184	
1007070.0	-6.996177037556966	-26.55451202392578	7.648680051167806	
1007080.0	-6.739283084869385	-26.810112635294598	7.158966461817424	
1007090.0	-6.713913599650065	-26.898710250854492	6.995736360549927	
1007100.0	-6.632870515187581	-27.03884220123291	6.903540213902791	
1007110.0	-6.4284030596415205	-27.062746047973633	6.735613266626994	
1007120.0	-6.243746916453044	-26.61126708984375	6.339382727940877	
1007130.0	-6.104573408762614	-26.443981806437176	6.343637228012085	
1007140.0	-5.966650009155273	-26.38933499654134	6.426571289698283	
1007150.0	-5.755307515462239	-26.446060180664062	6.099006334940593	
1007160.0	-5.561818520228068	-26.45526123046875	5.626612265904744	
1007170.0	-5.3683295249938965	-26.464462280273438	5.1542181968688965	
1007180.0	-5.479115168253581	-26.56123447418213	4.751609603563945	
1007190.0	-5.529821872711182	-26.62983798980713	4.257104198137919	
1007200.0	-5.207543611526489	-26.835710525512695	4.0538549820582075	
1007210.0	-2.050930897394816	-29.153056144714355	8.08145805199941	
1007220.0	-1.4168405532836914	-29.630833053588866	8.936884355545043	
1007230.0	-0.4657050371170044	-30.347498416900635	10.220023810863495	
