idx, roll, pitch,yaw
100000_0	-5.214813232421875	-28.16452407836914	-0.5938930511474609
100001_0	-1.430074691772461	-28.93320083618164	-4.053188323974609
100002_0	-4.30106258392334	-27.23931312561035	-0.6555204391479492
100003_0	-1.426407814025879	-28.498706817626953	-1.2634010314941406
100004_0	-1.8273687362670898	-29.1005916595459	-0.09948348999023438
100005_0	-1.1991968154907227	-28.29762077331543	0.7320799827575684
100006_0	-1.1991968154907227	-28.29762077331543	0.7320799827575684
100007_0	-3.4903903007507324	-26.58502960205078	2.842162609100342
100008_0	-2.146455764770508	-26.419017791748047	3.4310240745544434
100009_0	-3.168828010559082	-27.051408767700195	2.7301511764526367
100010_0	-2.395291328430176	-26.334379196166992	2.2826414108276367
100011_0	-2.395291328430176	-26.334379196166992	2.2826414108276367
100012_0	-3.8019824028015137	-26.931541442871094	3.2457189559936523
100013_0	-2.6362619400024414	-25.505050659179688	2.2866721153259277
100014_0	-3.382841110229492	-27.03006362915039	3.2902817726135254
100015_0	-2.3145031929016113	-25.86322021484375	3.2202939987182617
100016_0	-2.4900574684143066	-25.958192825317383	3.1527843475341797
100017_0	-2.4900574684143066	-25.958192825317383	3.1527843475341797
100018_0	-4.273057460784912	-24.497140884399414	2.6491870880126953
100019_0	-4.624444961547852	-24.902618408203125	3.1940207481384277
100020_0	-3.2410573959350586	-24.719491958618164	1.9117317199707031
100021_0	-3.205289840698242	-24.72613525390625	2.294985294342041
100022_0	-3.657107353210449	-26.04961395263672	3.0555784702301025
100023_0	-3.657107353210449	-26.04961395263672	3.0555784702301025
100024_0	-4.31687593460083	-25.297649383544922	2.705930233001709
100025_0	-6.1837639808654785	-26.207069396972656	3.906388998031616
100026_0	-6.2680768966674805	-25.111927032470703	4.155448913574219
100027_0	-9.435535430908203	-24.4732666015625	3.812014579772949
100028_0	-10.625264167785645	-26.999488830566406	5.965156555175781
100029_0	-10.625264167785645	-26.999488830566406	5.965156555175781
100030_0	-14.80831241607666	-25.439849853515625	5.99471378326416
100031_0	-16.174907684326172	-25.59575080871582	7.507974624633789
100032_0	-17.30517578125	-26.15442657470703	8.041156768798828
100033_0	-17.979522705078125	-24.975975036621094	8.44667911529541
100034_0	-20.603912353515625	-25.901559829711914	7.650852680206299
100035_0	-21.253015518188477	-25.675785064697266	9.130912780761719
100036_0	-21.253015518188477	-25.675785064697266	9.130912780761719
100037_0	-21.901844024658203	-25.04412078857422	7.277499675750732
100038_0	-22.847660064697266	-24.19791603088379	8.891500473022461
100039_0	-25.57634735107422	-23.781917572021484	9.098790168762207
100040_0	-25.70596694946289	-24.01974868774414	7.1077680587768555
100041_0	-27.093704223632812	-25.722965240478516	7.344310760498047
100042_0	-27.093704223632812	-25.722965240478516	7.344310760498047
100043_0	-30.2183837890625	-24.175926208496094	7.038125514984131
100044_0	-29.21831703186035	-24.189937591552734	6.620994567871094
100045_0	-32.54468536376953	-24.28009033203125	7.512610912322998
100046_0	-32.910621643066406	-24.00856590270996	6.149258136749268
100047_0	-33.89396667480469	-24.053264617919922	5.718112468719482
100048_0	-35.28212356567383	-23.53775405883789	4.645397186279297
100049_0	-35.28212356567383	-23.53775405883789	4.645397186279297
100050_0	-35.53010559082031	-23.420597076416016	7.926081657409668
100051_0	-38.782440185546875	-24.776655197143555	7.355785846710205
100052_0	-37.418792724609375	-24.227001190185547	6.913992881774902
100053_0	-38.72417449951172	-23.837081909179688	9.158096313476562
100054_0	-39.93427276611328	-24.72875213623047	9.104501724243164
100055_0	-39.503868103027344	-25.51395034790039	7.749122619628906
100056_0	-39.503868103027344	-25.51395034790039	7.749122619628906
100057_0	-40.68480682373047	-25.756303787231445	8.835137367248535
100058_0	-39.456520080566406	-24.920530319213867	8.452103614807129
100059_0	-39.38926696777344	-25.121864318847656	9.244733810424805
100060_0	-39.32725143432617	-25.069547653198242	8.844879150390625
100061_0	-41.110782623291016	-25.607349395751953	8.882892608642578
100062_0	-41.110782623291016	-25.607349395751953	8.882892608642578
100063_0	-39.06925964355469	-23.65009307861328	8.790277481079102
100064_0	-39.88959884643555	-24.42177963256836	8.544252395629883
100065_0	-38.18517303466797	-23.542762756347656	9.822946548461914
100066_0	-38.01004409790039	-24.342544555664062	8.74476146697998
100067_0	-38.47079849243164	-23.758419036865234	5.744091987609863
100068_0	-37.814903259277344	-23.885169982910156	7.0802812576293945
100069_0	-37.814903259277344	-23.885169982910156	7.0802812576293945
100070_0	-37.78337860107422	-24.189483642578125	6.25049352645874
100071_0	-38.57246398925781	-23.928855895996094	5.956602573394775
100072_0	-36.158897399902344	-23.53778839111328	4.728872776031494
100073_0	-35.45505142211914	-24.502456665039062	5.167024612426758
100074_0	-32.97153091430664	-25.425106048583984	4.2238240242004395
100075_0	-34.00346755981445	-25.932374954223633	6.854440212249756
100076_0	-28.72514533996582	-25.278480529785156	4.8918375968933105
100077_0	-28.72514533996582	-25.278480529785156	4.8918375968933105
100078_0	-30.89537239074707	-25.481197357177734	4.703502655029297
100079_0	-28.089271545410156	-24.284709930419922	3.8149170875549316
100080_0	-26.67857551574707	-23.26656150817871	2.7396788597106934
100081_0	-27.25895881652832	-24.619426727294922	5.7960662841796875
100082_0	-25.911293029785156	-23.984172821044922	5.191434860229492
100083_0	-25.911293029785156	-23.984172821044922	5.191434860229492
100084_0	-25.000347137451172	-25.510272979736328	4.463203430175781
100085_0	-22.5123348236084	-24.68866729736328	5.187196254730225
100086_0	-18.351234436035156	-22.902233123779297	3.0031590461730957
100087_0	-15.612302780151367	-23.596294403076172	3.3060483932495117
100088_0	-15.043912887573242	-23.084970474243164	1.933070182800293
100089_0	-15.043912887573242	-23.084970474243164	1.933070182800293
100090_0	-14.693522453308105	-24.695995330810547	3.947237014770508
100091_0	-12.418676376342773	-25.278017044067383	2.927095413208008
100092_0	-11.271122932434082	-26.184438705444336	4.600208759307861
100093_0	-9.77964973449707	-27.641647338867188	2.6266422271728516
100094_0	-8.892539978027344	-25.374475479125977	2.620499610900879
100095_0	-8.892539978027344	-25.374475479125977	2.620499610900879
100096_0	-8.246922492980957	-26.93252944946289	3.1318278312683105
100097_0	-7.940340042114258	-27.1507511138916	3.764730453491211
100098_0	-7.439124584197998	-25.905759811401367	2.1818127632141113
100099_0	-5.823281288146973	-26.472829818725586	0.9261722564697266
100100_0	-3.9715447425842285	-26.344839096069336	-0.3038625717163086
100101_0	-3.9715447425842285	-26.344839096069336	-0.3038625717163086
100102_0	-0.789057731628418	-27.126976013183594	0.8548212051391602
100103_0	0.811767578125	-26.56423568725586	-0.541351318359375
100104_0	1.4783143997192383	-27.87975311279297	1.0767464637756348
100105_0	5.531740188598633	-27.873653411865234	-7.477086067199707
100106_0	10.158888816833496	-27.8637752532959	-8.679789543151855
100107_0	10.158888816833496	-27.8637752532959	-8.679789543151855
100108_0	14.422932624816895	-30.72515296936035	-12.974091529846191
100109_0	16.326663970947266	-30.411914825439453	-14.258157730102539
100110_0	19.44509506225586	-30.150497436523438	-16.550254821777344
100111_0	20.836427688598633	-30.671178817749023	-16.43639373779297
100112_0	21.222021102905273	-29.19988250732422	-15.469112396240234
100113_0	21.222021102905273	-29.19988250732422	-15.469112396240234
100114_0	22.689067840576172	-29.34686851501465	-13.820460319519043
100115_0	26.422861099243164	-26.357173919677734	-14.338264465332031
100116_0	27.799345016479492	-26.972536087036133	-12.571062088012695
100117_0	25.516937255859375	-24.44440460205078	-10.834078788757324
100118_0	25.68791961669922	-26.612022399902344	-13.275179862976074
100119_0	25.17353057861328	-24.635528564453125	-13.707578659057617
100120_0	25.17353057861328	-24.635528564453125	-13.707578659057617
100121_0	18.989974975585938	-25.76097869873047	-9.449071884155273
100122_0	24.313079833984375	-26.786394119262695	-5.892751693725586
100123_0	21.50200653076172	-26.50310516357422	-3.403444290161133
100124_0	18.92635154724121	-25.759021759033203	-4.545203685760498
100125_0	15.485706329345703	-27.297428131103516	-1.4633674621582031
100126_0	15.485706329345703	-27.297428131103516	-1.4633674621582031
100127_0	26.592702865600586	-27.207523345947266	-6.834395408630371
100128_0	29.109642028808594	-27.02715301513672	-9.050875663757324
100129_0	29.157123565673828	-26.272668838500977	-9.40943431854248
100130_0	31.17227554321289	-26.342018127441406	-12.454742431640625
100131_0	20.78278160095215	-30.50155258178711	-8.320240020751953
100132_0	20.78278160095215	-30.50155258178711	-8.320240020751953
100133_0	27.997915267944336	-28.315637588500977	-11.404664993286133
100134_0	27.997915267944336	-28.315637588500977	-11.404664993286133
100135_0	30.169309616088867	-27.485937118530273	-12.76578140258789
100136_0	24.424976348876953	-29.035375595092773	-9.816998481750488
100137_0	28.563634872436523	-27.898672103881836	-12.90426254272461
100138_0	28.79037857055664	-27.79962921142578	-14.146100997924805
100139_0	28.332719802856445	-27.401229858398438	-15.240766525268555
100140_0	28.332719802856445	-27.401229858398438	-15.240766525268555
100141_0	22.725112915039062	-26.675640106201172	-9.006062507629395
100142_0	16.134552001953125	-28.312705993652344	-9.69725227355957
100143_0	17.092985153198242	-28.78256607055664	-4.958578109741211
100144_0	15.933422088623047	-27.777294158935547	-3.2047243118286133
100145_0	18.48948860168457	-26.827983856201172	-11.192588806152344
100146_0	18.48948860168457	-26.827983856201172	-11.192588806152344
100147_0	20.43124008178711	-26.516529083251953	-16.845598220825195
100148_0	21.842975616455078	-28.210494995117188	-18.492210388183594
100149_0	16.25904655456543	-28.658557891845703	-17.578516006469727
100150_0	11.587516784667969	-28.42139434814453	-12.942792892456055
100151_0	13.176509857177734	-28.584199905395508	-13.752052307128906
100152_0	14.528367042541504	-29.119298934936523	-14.423575401306152
100153_0	14.528367042541504	-29.119298934936523	-14.423575401306152
100154_0	6.592883110046387	-28.713436126708984	-8.932586669921875
100155_0	5.223818778991699	-29.845903396606445	-10.374067306518555
100156_0	2.944223403930664	-28.30657386779785	-5.06889533996582
100157_0	0.031558990478515625	-27.91791534423828	-3.740224838256836
100158_0	0.031558990478515625	-27.91791534423828	-3.740224838256836
100159_0	-2.436605930328369	-27.402912139892578	-2.138753890991211
100160_0	-3.240666389465332	-27.284137725830078	-0.14960718154907227
100161_0	-7.172757148742676	-28.867298126220703	1.0701093673706055
100162_0	-9.146450996398926	-27.205284118652344	4.011792182922363
100163_0	-11.684242248535156	-26.96609878540039	7.448832988739014
100164_0	-13.259774208068848	-25.908512115478516	7.523691177368164
100165_0	-13.259774208068848	-25.908512115478516	7.523691177368164
100166_0	-12.776019096374512	-24.878902435302734	7.213999271392822
100167_0	-13.219243049621582	-25.695783615112305	7.147603988647461
100168_0	-11.661895751953125	-25.669540405273438	4.947145462036133
100169_0	-11.833247184753418	-26.567163467407227	6.113860130310059
100170_0	-11.378312110900879	-26.443130493164062	5.795033931732178
100171_0	-11.378312110900879	-26.443130493164062	5.795033931732178
100172_0	-9.758380889892578	-25.829105377197266	3.7585625648498535
100173_0	-8.945688247680664	-25.369529724121094	2.8302059173583984
100174_0	-8.865501403808594	-25.717296600341797	5.0627641677856445
100175_0	-9.476950645446777	-25.873720169067383	4.096170425415039
100176_0	-7.777420997619629	-25.497203826904297	3.709791421890259
100177_0	-6.605877876281738	-24.615144729614258	3.492525815963745
100178_0	-6.605877876281738	-24.615144729614258	3.492525815963745
100179_0	-7.077855587005615	-25.18312644958496	2.8019886016845703
100180_0	-6.750242710113525	-26.602012634277344	2.8927245140075684
100181_0	-6.0265045166015625	-25.69640350341797	2.8513498306274414
100182_0	-7.948570251464844	-26.607364654541016	2.772563934326172
100183_0	-7.948570251464844	-26.607364654541016	2.772563934326172
100184_0	-6.648675918579102	-28.433162689208984	2.6767640113830566
100185_0	-8.49312686920166	-28.68800926208496	3.4302053451538086
100186_0	-9.223441123962402	-30.356510162353516	4.164876461029053
100187_0	-9.096158981323242	-28.75092315673828	5.5619659423828125
100188_0	-8.489611625671387	-31.27386474609375	3.8600969314575195
100189_0	-8.489611625671387	-31.27386474609375	3.8600969314575195
100190_0	-5.715158462524414	-35.214656829833984	1.8837318420410156
100191_0	-5.672459602355957	-35.30548095703125	1.902491569519043
100192_0	-4.077192306518555	-38.82249069213867	1.6068973541259766
100193_0	-6.366453170776367	-42.715293884277344	4.0132155418396
100194_0	-5.024002552032471	-43.99958419799805	3.105795383453369
100195_0	-5.024002552032471	-43.99958419799805	3.105795383453369
100196_0	-9.248598098754883	-44.08700180053711	5.857611656188965
100197_0	-2.7823562622070312	-43.156227111816406	1.3574962615966797
100198_0	-6.193960189819336	-38.381160736083984	6.5601043701171875
100199_0	-6.193960189819336	-38.381160736083984	6.5601043701171875
100200_0	-6.193960189819336	-38.381160736083984	6.5601043701171875
100201_0	-1.7888107299804688	-41.406517028808594	-1.7395648956298828
100202_0	3.939119338989258	-37.23921585083008	1.1523799896240234
100203_0	7.897832870483398	-36.50426483154297	0.2213726043701172
100204_0	8.887635231018066	-47.958534240722656	1.355311393737793
100205_0	7.398525238037109	-44.179012298583984	-0.2722797393798828
100206_0	11.764507293701172	-44.43507766723633	6.012216567993164
100207_0	11.764507293701172	-44.43507766723633	6.012216567993164
100208_0	13.724472045898438	-54.304443359375	5.636113166809082
100209_0	18.593029022216797	-55.718177795410156	-1.7489967346191406
100210_0	13.539217948913574	-55.12831115722656	0.5136985778808594
100211_0	13.66886043548584	-54.132423400878906	15.05978775024414
100212_0	9.542108535766602	-58.187034606933594	0.9571971893310547
100213_0	12.093034744262695	-64.55834197998047	-7.002895355224609
100214_0	12.093034744262695	-64.55834197998047	-7.002895355224609
100215_0	12.606691360473633	-58.63597869873047	-13.114140510559082
100216_0	13.081342697143555	-59.392662048339844	-7.451925277709961
100217_0	24.948793411254883	-51.36794662475586	-29.180381774902344
100218_0	15.90339469909668	-54.09913635253906	-22.867321014404297
100219_0	12.307537078857422	-55.81278610229492	-22.37566375732422
100220_0	10.46044921875	-63.29914474487305	-24.188753128051758
100221_0	11.472701072692871	-63.32152557373047	-22.322147369384766
100222_0	11.472701072692871	-63.32152557373047	-22.322147369384766
100223_0	7.385246276855469	-56.713035583496094	-6.372398376464844
100224_0	-2.3042526245117188	-64.1156234741211	12.14687728881836
100225_0	0.568359375	-60.24794387817383	-2.927976608276367
100226_0	3.519845962524414	-61.12443542480469	-22.328327178955078
100227_0	4.588459014892578	-57.309112548828125	-27.875728607177734
100228_0	4.588459014892578	-57.309112548828125	-27.875728607177734
100229_0	6.280986785888672	-59.35526657104492	-30.032079696655273
100230_0	10.103391647338867	-44.92667770385742	-25.160232543945312
100231_0	8.318548202514648	-51.672813415527344	-33.705379486083984
100232_0	7.741535186767578	-53.24725341796875	-36.146583557128906
100233_0	7.720222473144531	-51.78565979003906	-31.994388580322266
100234_0	7.0292205810546875	-51.67886734008789	-31.369470596313477
100235_0	7.0292205810546875	-51.67886734008789	-31.369470596313477
100236_0	4.994791030883789	-56.983158111572266	-38.58832550048828
100237_0	8.612617492675781	-48.63096618652344	-33.948143005371094
100238_0	-6.616445541381836	-57.581878662109375	16.457027435302734
100239_0	4.045551300048828	-54.18079376220703	-5.813741683959961
100240_0	-0.06518363952636719	-58.084197998046875	-0.44666099548339844
100241_0	-0.06518363952636719	-58.084197998046875	-0.44666099548339844
100242_0	4.548686981201172	-58.89244842529297	-19.176992416381836
100243_0	2.9973907470703125	-57.984798431396484	-3.0226078033447266
100244_0	-0.770660400390625	-61.124671936035156	7.304767608642578
100245_0	0.01883697509765625	-57.62776184082031	14.099852561950684
100246_0	0.01883697509765625	-57.62776184082031	14.099852561950684
100247_0	-1.7042427062988281	-59.12514877319336	12.955728530883789
100248_0	4.73438835144043	-51.20732879638672	12.076141357421875
100249_0	-1.240126609802246	-49.06281280517578	20.455974578857422
100250_0	0.8439350128173828	-43.56483459472656	23.313873291015625
100251_0	0.24653053283691406	-46.70042037963867	16.95041847229004
100252_0	1.5754499435424805	-47.987884521484375	11.308226585388184
100253_0	-0.6256647109985352	-46.96422576904297	15.378789901733398
100254_0	-0.6256647109985352	-46.96422576904297	15.378789901733398
100255_0	-3.488168716430664	-47.465980529785156	13.325714111328125
100256_0	-3.5724735260009766	-44.998374938964844	12.280341148376465
100257_0	-8.937715530395508	-45.60652160644531	13.27386474609375
100258_0	-7.265610694885254	-50.50115966796875	9.01704216003418
100259_0	-7.582176208496094	-47.687992095947266	9.549501419067383
100260_0	-7.582176208496094	-47.687992095947266	9.549501419067383
100261_0	-6.92813777923584	-47.01755905151367	4.314463138580322
100262_0	-5.9066386222839355	-44.74797821044922	1.7744722366333008
100263_0	-7.4744110107421875	-42.02537155151367	5.259957790374756
100264_0	-6.3517560958862305	-40.83984375	1.77730131149292
100265_0	-6.3517560958862305	-40.83984375	1.77730131149292
100266_0	-5.840503215789795	-37.5025749206543	1.3334999084472656
100267_0	-8.290757179260254	-34.57271194458008	4.281770706176758
100268_0	-7.1479692459106445	-31.956607818603516	3.274944305419922
100269_0	-5.906482696533203	-31.876766204833984	3.680752754211426
100270_0	-6.424539089202881	-29.69779396057129	5.0216474533081055
100271_0	-5.842807769775391	-31.603252410888672	2.787764072418213
100272_0	-5.842807769775391	-31.603252410888672	2.787764072418213
100273_0	-5.294281482696533	-31.020776748657227	3.1799659729003906
100274_0	-5.337249755859375	-30.68297004699707	2.986757755279541
100275_0	-5.835666656494141	-29.246213912963867	2.8459701538085938
100276_0	-4.904765605926514	-30.554981231689453	3.6951069831848145
100277_0	-3.4710733890533447	-30.633197784423828	3.7967662811279297
100278_0	-3.4710733890533447	-30.633197784423828	3.7967662811279297
100279_0	-2.9575023651123047	-27.707754135131836	2.5921568870544434
100280_0	-3.0748815536499023	-27.093700408935547	3.4113054275512695
100281_0	-2.4914393424987793	-28.206201553344727	1.5965657234191895
100282_0	-0.6159348487854004	-27.902454376220703	0.6716928482055664
100283_0	-2.772087574005127	-28.74321937561035	1.6169662475585938
100284_0	-1.634821891784668	-27.193843841552734	0.45449209213256836
100285_0	-1.634821891784668	-27.193843841552734	0.45449209213256836
100286_0	-2.0418238639831543	-27.338788986206055	0.6950268745422363
100287_0	-2.0418238639831543	-27.338788986206055	0.6950268745422363
100288_0	-2.679279327392578	-27.662761688232422	0.3088560104370117
100289_0	-2.314332962036133	-27.068710327148438	0.06599903106689453
100290_0	-3.83882737159729	-27.647796630859375	1.5485954284667969
100291_0	-3.068413257598877	-27.118350982666016	-0.014049053192138672
100292_0	-2.8453664779663086	-26.804702758789062	-0.25231409072875977
100293_0	-1.034139633178711	-26.28744125366211	1.317495346069336
100294_0	-1.034139633178711	-26.28744125366211	1.317495346069336
100295_0	-1.8827075958251953	-27.02508544921875	1.2002944946289062
100296_0	-2.2842202186584473	-27.229143142700195	1.4896903038024902
100297_0	-2.705930709838867	-27.819286346435547	0.4813423156738281
100298_0	-2.172546863555908	-27.02260971069336	1.1603264808654785
100299_0	-2.0463414192199707	-27.82398223876953	0.6951680183410645
100300_0	-2.606146812438965	-27.790834426879883	-0.5400705337524414
100301_0	-2.606146812438965	-27.790834426879883	-0.5400705337524414
100302_0	-3.473240375518799	-28.30122184753418	0.2673211097717285
100303_0	-3.60404634475708	-28.191112518310547	2.969302177429199
100304_0	-4.720677852630615	-29.383623123168945	5.427671432495117
100305_0	-3.335993766784668	-28.614328384399414	5.160906791687012
100306_0	-3.378720998764038	-27.551715850830078	4.009256362915039
100307_0	-4.917581081390381	-30.588298797607422	8.230710983276367
100308_0	-4.917581081390381	-30.588298797607422	8.230710983276367
100309_0	-4.258913040161133	-28.148990631103516	9.884593963623047
100310_0	-5.335476875305176	-29.124584197998047	11.4798002243042
100311_0	-7.6272172927856445	-27.084096908569336	14.676746368408203
100312_0	-2.2013626098632812	-26.441986083984375	12.008952140808105
100313_0	-0.1914196014404297	-30.95093536376953	11.305900573730469
100314_0	3.2892589569091797	-22.809162139892578	12.21496868133545
100315_0	3.2892589569091797	-22.809162139892578	12.21496868133545
100316_0	1.8076457977294922	-22.861675262451172	19.711902618408203
100317_0	0.45284175872802734	-22.85869789123535	18.926729202270508
100318_0	0.7812080383300781	-20.054018020629883	21.527029037475586
100319_0	-2.743804931640625	-21.912288665771484	32.15876770019531
100320_0	-2.743804931640625	-21.912288665771484	32.15876770019531
100321_0	-1.8637714385986328	-25.423458099365234	34.844627380371094
100322_0	0.28917694091796875	-22.536039352416992	33.64336395263672
100323_0	0.5907402038574219	-24.024633407592773	37.82673263549805
100324_0	-3.0650157928466797	-25.610061645507812	45.66807174682617
100325_0	1.5891857147216797	-25.524187088012695	46.802093505859375
100326_0	-3.228365898132324	-27.24907684326172	51.761070251464844
100327_0	-3.228365898132324	-27.24907684326172	51.761070251464844
100328_0	0.4652557373046875	-24.949413299560547	52.21938705444336
100329_0	-3.912491798400879	-25.374835968017578	53.1253547668457
100330_0	-3.161839485168457	-22.92269515991211	53.52864456176758
100331_0	-4.029637336730957	-23.940893173217773	53.52737045288086
100332_0	-4.256935119628906	-24.02556610107422	53.150909423828125
100333_0	-4.256935119628906	-24.02556610107422	53.150909423828125
100334_0	-5.804924011230469	-21.791927337646484	55.202003479003906
100335_0	-4.882846832275391	-24.152576446533203	55.532039642333984
100336_0	-5.204159736633301	-23.81246566772461	55.511924743652344
100337_0	-4.087282180786133	-23.324438095092773	56.916900634765625
100338_0	-4.087282180786133	-23.324438095092773	56.916900634765625
100339_0	-4.000270843505859	-23.2863712310791	59.0196647644043
100340_0	-5.749373435974121	-24.853641510009766	62.98651123046875
100341_0	-3.2206201553344727	-25.186067581176758	62.70137023925781
100342_0	-3.038210868835449	-25.25066375732422	61.65027618408203
100343_0	-2.57635498046875	-24.83755874633789	61.2950439453125
100344_0	-2.57635498046875	-24.83755874633789	61.2950439453125
100345_0	-2.7927780151367188	-27.175405502319336	62.12907791137695
100346_0	-3.044400215148926	-25.63967514038086	63.21552276611328
100347_0	-5.8203887939453125	-25.924257278442383	65.10408782958984
100348_0	-5.504156112670898	-26.359079360961914	64.22396087646484
100349_0	-8.785408020019531	-26.124797821044922	65.22673797607422
100350_0	-8.785408020019531	-26.124797821044922	65.22673797607422
100351_0	-6.770618915557861	-25.930370330810547	65.69248962402344
100352_0	-8.295950889587402	-26.963062286376953	64.9881362915039
100353_0	-7.770998954772949	-24.92743682861328	65.24095916748047
100354_0	-7.919837951660156	-24.797090530395508	64.94259643554688
100355_0	-5.084312438964844	-25.090373992919922	62.90609359741211
100356_0	-5.084312438964844	-25.090373992919922	62.90609359741211
100357_0	-3.710892677307129	-25.664451599121094	62.21424102783203
100358_0	-4.23914909362793	-25.503671646118164	62.31298065185547
100359_0	-3.3756303787231445	-25.64296531677246	62.162776947021484
100360_0	-4.349165916442871	-25.552772521972656	62.49472427368164
100361_0	-4.01616096496582	-24.65712547302246	62.98106002807617
100362_0	-4.01616096496582	-24.65712547302246	62.98106002807617
100363_0	-5.884809494018555	-26.502586364746094	64.58635711669922
100364_0	-5.468982696533203	-26.1236515045166	64.04864501953125
100365_0	-5.5819854736328125	-26.157150268554688	64.07183837890625
100366_0	-5.612776756286621	-26.062793731689453	63.594261169433594
100367_0	-5.938408374786377	-26.235485076904297	64.11033630371094
100368_0	-5.938408374786377	-26.235485076904297	64.11033630371094
100369_0	-5.512121200561523	-26.215173721313477	63.29938888549805
100370_0	-6.763798713684082	-25.21628189086914	64.31295776367188
100371_0	-4.660497665405273	-25.19862174987793	62.453025817871094
100372_0	-5.151941299438477	-26.734922409057617	62.27217102050781
100373_0	-2.6586151123046875	-27.452234268188477	61.29218673706055
100374_0	-2.6586151123046875	-27.452234268188477	61.29218673706055
100375_0	-1.9333019256591797	-28.29766845703125	60.92667770385742
100376_0	2.5696372985839844	-27.190486907958984	59.29029846191406
100377_0	2.202359199523926	-27.173141479492188	59.32368850708008
100378_0	1.582489013671875	-26.59046173095703	59.157623291015625
100379_0	4.354955673217773	-23.79350471496582	60.050682067871094
100380_0	5.230900764465332	-23.553451538085938	58.41339874267578
100381_0	5.230900764465332	-23.553451538085938	58.41339874267578
100382_0	6.585476875305176	-21.289274215698242	57.286808013916016
100383_0	5.463476181030273	-23.35062026977539	57.21406555175781
100384_0	6.916599273681641	-21.74679946899414	56.856414794921875
100385_0	5.063137054443359	-22.79665756225586	57.40964889526367
100386_0	4.108153343200684	-22.19112777709961	59.282127380371094
100387_0	4.108153343200684	-22.19112777709961	59.282127380371094
100388_0	4.070138931274414	-23.632328033447266	57.696895599365234
100389_0	2.987375259399414	-23.9508056640625	57.65480041503906
100390_0	1.0217781066894531	-23.940675735473633	57.62249755859375
100391_0	-2.9969329833984375	-26.070993423461914	58.74109649658203
100392_0	-3.7159805297851562	-26.553499221801758	60.2064208984375
100393_0	-5.980032920837402	-26.19131851196289	61.37245178222656
100394_0	-6.7555718421936035	-25.421016693115234	65.243896484375
100395_0	-6.7555718421936035	-25.421016693115234	65.243896484375
100396_0	-11.255910873413086	-25.763093948364258	64.26647186279297
100397_0	-13.546873092651367	-25.78598403930664	65.21137237548828
100398_0	-16.79991340637207	-25.47151756286621	67.23240661621094
100399_0	-19.662322998046875	-25.907333374023438	67.92766571044922
100400_0	-19.662322998046875	-25.907333374023438	67.92766571044922
100401_0	-23.698976516723633	-26.925172805786133	68.63178253173828
100402_0	-27.808364868164062	-25.8585147857666	69.21239471435547
100403_0	-24.30881118774414	-23.52812957763672	68.14349365234375
100404_0	-27.045713424682617	-24.070384979248047	69.39488983154297
100405_0	-30.872339248657227	-25.39334487915039	67.12096405029297
100406_0	-32.973697662353516	-25.981779098510742	69.91468811035156
100407_0	-32.973697662353516	-25.981779098510742	69.91468811035156
100408_0	-34.839805603027344	-25.089927673339844	68.4946517944336
100409_0	-36.572654724121094	-23.730239868164062	69.3702621459961
100410_0	-35.317317962646484	-25.189117431640625	69.38258361816406
100411_0	-35.204410552978516	-23.56759262084961	70.91557312011719
100412_0	-34.36030197143555	-23.97499656677246	72.89923858642578
100413_0	-34.252723693847656	-26.32147979736328	70.68514251708984
100414_0	-34.252723693847656	-26.32147979736328	70.68514251708984
100415_0	-35.974952697753906	-24.86832046508789	70.67079162597656
100416_0	-35.48515319824219	-26.479124069213867	72.65647888183594
100417_0	-34.9277229309082	-24.908966064453125	71.76145935058594
100418_0	-32.502197265625	-25.5172061920166	73.05223846435547
100419_0	-33.47583770751953	-24.814971923828125	70.78736114501953
100420_0	-32.18782043457031	-26.01992416381836	72.32701110839844
100421_0	-32.18782043457031	-26.01992416381836	72.32701110839844
100422_0	-32.02730178833008	-26.455345153808594	70.67245483398438
100423_0	-32.782493591308594	-25.757394790649414	71.18089294433594
100424_0	-28.79133415222168	-26.344005584716797	71.53733825683594
100425_0	-29.803144454956055	-25.154985427856445	70.37145233154297
100426_0	-30.407548904418945	-24.417457580566406	69.1295166015625
100427_0	-30.407548904418945	-24.417457580566406	69.1295166015625
100428_0	-27.179264068603516	-25.934436798095703	72.1649169921875
100429_0	-27.18706512451172	-24.69009017944336	70.22209930419922
100430_0	-26.066448211669922	-25.583511352539062	68.95991516113281
100431_0	-24.493799209594727	-26.557018280029297	70.56835174560547
100432_0	-24.841835021972656	-25.087108612060547	69.26380157470703
100433_0	-26.63260841369629	-26.246999740600586	68.50202941894531
100434_0	-26.63260841369629	-26.246999740600586	68.50202941894531
100435_0	-21.97030258178711	-25.174354553222656	68.71051025390625
100436_0	-23.8734188079834	-24.885908126831055	68.24369049072266
100437_0	-17.398767471313477	-25.406005859375	68.77794647216797
100438_0	-9.672768592834473	-24.94090461730957	67.07262420654297
100439_0	-8.398122787475586	-24.485334396362305	66.14116668701172
100440_0	-8.398122787475586	-24.485334396362305	66.14116668701172
100441_0	-1.777693748474121	-23.570415496826172	62.94685363769531
100442_0	0.48636531829833984	-21.85152816772461	63.46468734741211
100443_0	3.0168533325195312	-20.050979614257812	62.07232666015625
100444_0	5.485264778137207	-19.47443199157715	61.662750244140625
100445_0	8.33440113067627	-16.762474060058594	61.593406677246094
100446_0	8.33440113067627	-16.762474060058594	61.593406677246094
100447_0	11.926878929138184	-17.16380500793457	59.28071975708008
100448_0	14.626940727233887	-17.92288589477539	57.827152252197266
100449_0	14.297846794128418	-18.56107521057129	59.67224884033203
100450_0	14.441389083862305	-20.803407669067383	60.99906921386719
100451_0	17.30093002319336	-22.35655403137207	62.510284423828125
100452_0	17.30093002319336	-22.35655403137207	62.510284423828125
100453_0	19.542583465576172	-21.416664123535156	61.4520378112793
100454_0	23.127464294433594	-21.724950790405273	59.64448928833008
100455_0	23.997323989868164	-21.392372131347656	58.203853607177734
100456_0	22.81353759765625	-21.106122970581055	53.71269607543945
100457_0	23.07609748840332	-22.141551971435547	55.233665466308594
100458_0	23.07609748840332	-22.141551971435547	55.233665466308594
100459_0	17.699731826782227	-23.36368179321289	54.7071647644043
100460_0	17.354598999023438	-26.697261810302734	56.86722183227539
100461_0	20.411060333251953	-29.038515090942383	57.700340270996094
100462_0	21.521060943603516	-28.933584213256836	54.229698181152344
100463_0	15.41557502746582	-24.319623947143555	52.48942947387695
100464_0	15.41557502746582	-24.319623947143555	52.48942947387695
100465_0	19.493480682373047	-28.918556213378906	55.95263671875
100466_0	20.632709503173828	-28.375732421875	55.25304412841797
100467_0	19.377092361450195	-28.987834930419922	58.855342864990234
100468_0	20.932598114013672	-22.69965362548828	58.76569747924805
100469_0	20.932598114013672	-22.69965362548828	58.76569747924805
100470_0	17.296672821044922	-22.998653411865234	61.79851150512695
100471_0	25.915386199951172	-24.767013549804688	57.90971755981445
100472_0	22.3746395111084	-26.640621185302734	55.764705657958984
100473_0	22.28484344482422	-28.026086807250977	56.30297088623047
100474_0	19.839557647705078	-23.316593170166016	57.070743560791016
100475_0	16.17853546142578	-23.88074493408203	59.251766204833984
100476_0	16.17853546142578	-23.88074493408203	59.251766204833984
100477_0	16.884002685546875	-20.473438262939453	59.73236083984375
100478_0	15.374662399291992	-21.914628982543945	59.77659225463867
100479_0	11.97439956665039	-23.453243255615234	59.193763732910156
100480_0	12.534698486328125	-23.37025260925293	58.49489974975586
100481_0	8.712594032287598	-24.936460494995117	60.93168640136719
100482_0	8.712594032287598	-24.936460494995117	60.93168640136719
100483_0	8.790925979614258	-24.502056121826172	62.41148376464844
100484_0	7.4125213623046875	-23.483192443847656	62.20424270629883
100485_0	6.232109069824219	-23.93972396850586	61.41673278808594
100486_0	3.5918149948120117	-24.864965438842773	62.89573669433594
100487_0	1.5232267379760742	-26.176006317138672	63.389244079589844
100488_0	0.2430572509765625	-25.860511779785156	65.51605224609375
100489_0	-0.8965959548950195	-26.77057647705078	66.79480743408203
100490_0	-0.8965959548950195	-26.77057647705078	66.79480743408203
100491_0	-2.105571746826172	-25.88874053955078	66.29798126220703
100492_0	-3.4044790267944336	-27.43074607849121	66.25445556640625
100493_0	-2.4805030822753906	-27.455801010131836	65.44985961914062
100494_0	-3.1456823348999023	-26.38054084777832	66.48631286621094
100495_0	-2.603759765625	-26.449134826660156	66.04267120361328
100496_0	-2.603759765625	-26.449134826660156	66.04267120361328
100497_0	-2.603759765625	-26.449134826660156	66.04267120361328
100498_0	-4.336482048034668	-27.28748321533203	66.4554672241211
100499_0	-3.3281655311584473	-27.017513275146484	65.37381744384766
100500_0	-0.516535758972168	-28.042531967163086	61.82559585571289
100501_0	5.262753486633301	-26.718704223632812	63.01028060913086
100502_0	3.036468505859375	-26.681869506835938	63.4514274597168
100503_0	3.036468505859375	-26.681869506835938	63.4514274597168
100504_0	2.6743927001953125	-29.875244140625	62.0948486328125
100505_0	3.457103729248047	-28.50464630126953	63.246673583984375
100506_0	0.5093832015991211	-29.57640838623047	60.69932174682617
100507_0	1.855067253112793	-31.90410041809082	64.52327728271484
100508_0	-2.4636945724487305	-35.12626266479492	59.6186408996582
100509_0	-2.4636945724487305	-35.12626266479492	59.6186408996582
100510_0	-1.2100114822387695	-34.2186279296875	53.87611389160156
100511_0	-3.278628349304199	-35.12505340576172	49.197731018066406
100512_0	3.102449417114258	-33.555999755859375	43.21856689453125
100513_0	-1.5934953689575195	-38.254337310791016	43.25025939941406
100514_0	4.480288505554199	-32.989540100097656	33.93832015991211
100515_0	4.480288505554199	-32.989540100097656	33.93832015991211
100516_0	4.832941055297852	-30.35635757446289	22.895599365234375
100517_0	8.70865249633789	-33.68455123901367	17.303762435913086
100518_0	3.8172531127929688	-33.79594421386719	14.688254356384277
100519_0	8.333539962768555	-37.832149505615234	5.553413391113281
100520_0	13.239965438842773	-33.2176513671875	0.05267524719238281
100521_0	16.575889587402344	-34.08357620239258	-14.991771697998047
100522_0	19.9937686920166	-33.13154602050781	-23.39850616455078
100523_0	20.569496154785156	-33.506553649902344	-29.380468368530273
100524_0	20.569496154785156	-33.506553649902344	-29.380468368530273
100525_0	19.168590545654297	-33.097984313964844	-27.718156814575195
100526_0	17.515880584716797	-31.438785552978516	-30.853261947631836
100527_0	18.355621337890625	-33.854637145996094	-37.872772216796875
100528_0	21.418331146240234	-33.257720947265625	-33.9017333984375
100529_0	21.418331146240234	-33.257720947265625	-33.9017333984375
100530_0	21.188749313354492	-32.626953125	-38.93443298339844
100531_0	19.36786651611328	-31.93714141845703	-39.96561050415039
100532_0	20.80104637145996	-34.81116485595703	-45.12778091430664
100533_0	20.742366790771484	-30.623104095458984	-49.757080078125
100534_0	20.22812843322754	-32.798301696777344	-51.27591323852539
100535_0	20.22812843322754	-32.798301696777344	-51.27591323852539
100536_0	14.312767028808594	-33.07969284057617	-53.67939758300781
100537_0	14.82967472076416	-28.295488357543945	-54.551387786865234
100538_0	16.847240447998047	-27.00310707092285	-57.98455810546875
100539_0	12.802892684936523	-31.856201171875	-59.75455856323242
100540_0	13.371570587158203	-29.800935745239258	-59.50642013549805
100541_0	13.371570587158203	-29.800935745239258	-59.50642013549805
100542_0	17.25743865966797	-31.768022537231445	-59.81826400756836
100543_0	18.979412078857422	-29.038972854614258	-59.13365936279297
100544_0	23.47648811340332	-31.975753784179688	-63.17771911621094
100545_0	22.888107299804688	-32.19276428222656	-64.20333099365234
100546_0	22.888107299804688	-32.19276428222656	-64.20333099365234
100547_0	22.977821350097656	-30.952701568603516	-69.21179962158203
100548_0	22.8945369720459	-30.505573272705078	-69.11888122558594
100549_0	21.897005081176758	-27.76443099975586	-67.70042419433594
100550_0	22.54688262939453	-25.78308868408203	-65.69661712646484
100551_0	24.326698303222656	-27.47737693786621	-69.83322143554688
100552_0	22.637733459472656	-26.57699966430664	-68.5077896118164
100553_0	22.637733459472656	-26.57699966430664	-68.5077896118164
100554_0	19.82213592529297	-25.00336456298828	-66.39867401123047
100555_0	19.86656951904297	-24.355947494506836	-65.61581420898438
100556_0	19.47426414489746	-23.853687286376953	-67.70630645751953
100557_0	19.266780853271484	-23.91000747680664	-68.17813110351562
100558_0	19.44623374938965	-26.631256103515625	-65.7118911743164
100559_0	19.65329360961914	-26.58395767211914	-63.39283752441406
100560_0	19.65329360961914	-26.58395767211914	-63.39283752441406
100561_0	14.131614685058594	-25.714448928833008	-63.839229583740234
100562_0	13.360274314880371	-27.81729507446289	-64.57681274414062
100563_0	8.935126304626465	-27.271699905395508	-65.06232452392578
100564_0	3.522104263305664	-27.870891571044922	-61.9629020690918
100565_0	2.855621337890625	-28.812406539916992	-59.98482131958008
100566_0	2.855621337890625	-28.812406539916992	-59.98482131958008
100567_0	-5.8066630363464355	-29.329795837402344	-57.7198600769043
100568_0	-6.644010543823242	-30.257097244262695	-55.069087982177734
100569_0	-8.602643966674805	-28.29451560974121	-57.451576232910156
100570_0	-12.345755577087402	-26.764772415161133	-55.25136184692383
100571_0	-12.345755577087402	-26.764772415161133	-55.25136184692383
100572_0	-13.123817443847656	-26.012863159179688	-57.632469177246094
100573_0	-14.934901237487793	-25.540679931640625	-55.237518310546875
100574_0	-14.567319869995117	-25.23676872253418	-57.48459243774414
100575_0	-17.084239959716797	-24.36960220336914	-57.5331916809082
100576_0	-17.084239959716797	-24.36960220336914	-57.5331916809082
100577_0	-18.806203842163086	-24.273189544677734	-52.32521057128906
100578_0	-22.048675537109375	-23.06827163696289	-54.626075744628906
100579_0	-22.680065155029297	-23.772090911865234	-53.03596878051758
100580_0	-22.680065155029297	-23.772090911865234	-53.03596878051758
100581_0	-23.91141128540039	-21.440101623535156	-50.98143768310547
100582_0	-25.04205894470215	-22.730255126953125	-50.19232940673828
100583_0	-25.04205894470215	-22.730255126953125	-50.19232940673828
100584_0	-25.729022979736328	-22.533817291259766	-48.66438293457031
100585_0	-26.43711280822754	-22.046281814575195	-48.31996536254883
100586_0	-27.694547653198242	-21.265090942382812	-47.038360595703125
100587_0	-26.436304092407227	-22.440937042236328	-50.14874267578125
100588_0	-26.47189712524414	-22.136356353759766	-49.99245071411133
100589_0	-26.47189712524414	-22.136356353759766	-49.99245071411133
100590_0	-25.181053161621094	-22.975139617919922	-47.53451156616211
100591_0	-25.181053161621094	-22.975139617919922	-47.53451156616211
100592_0	-26.362693786621094	-22.350799560546875	-46.12511444091797
100593_0	-25.6069278717041	-22.85005760192871	-49.12028503417969
100594_0	-23.319713592529297	-22.568342208862305	-50.74329376220703
100595_0	-22.456619262695312	-24.099002838134766	-50.35105895996094
100596_0	-21.900678634643555	-23.81389808654785	-52.1161003112793
100597_0	-21.900678634643555	-23.81389808654785	-52.1161003112793
100598_0	-21.284006118774414	-24.457683563232422	-53.25028991699219
100599_0	-17.470155715942383	-26.714000701904297	-58.50695037841797
100600_0	-15.982099533081055	-26.997453689575195	-56.50443649291992
100601_0	-12.949668884277344	-27.701004028320312	-57.480255126953125
100602_0	-11.57003116607666	-30.061275482177734	-54.94205093383789
100603_0	-11.57003116607666	-30.061275482177734	-54.94205093383789
100604_0	-9.867103576660156	-29.78963851928711	-59.804630279541016
100605_0	-7.08674430847168	-30.94503402709961	-58.3945198059082
100606_0	-5.534597396850586	-29.920734405517578	-55.68927764892578
100607_0	-6.866978645324707	-31.693559646606445	-54.40776062011719
100608_0	-4.691952705383301	-31.865018844604492	-57.380043029785156
100609_0	7.150184631347656	-29.375282287597656	-60.46612548828125
100610_0	7.150184631347656	-29.375282287597656	-60.46612548828125
100611_0	14.26657485961914	-28.40292739868164	-62.27701187133789
100612_0	17.743305206298828	-27.8045597076416	-62.25872802734375
100613_0	20.507705688476562	-27.856605529785156	-69.39916229248047
100614_0	20.887924194335938	-26.057449340820312	-66.60383605957031
100615_0	24.48724365234375	-27.309864044189453	-65.86991119384766
100616_0	24.48724365234375	-27.309864044189453	-65.86991119384766
100617_0	26.455537796020508	-25.7591552734375	-64.47968292236328
100618_0	24.987323760986328	-25.046077728271484	-67.73690032958984
100619_0	28.365135192871094	-25.95003318786621	-69.14518737792969
100620_0	29.3328800201416	-24.03729248046875	-67.20246887207031
100621_0	29.844127655029297	-24.29008674621582	-65.7315902709961
100622_0	31.396556854248047	-24.88314437866211	-66.52520751953125
100623_0	31.396556854248047	-24.88314437866211	-66.52520751953125
100624_0	30.840778350830078	-26.413909912109375	-66.3849868774414
100625_0	31.966022491455078	-26.85859489440918	-68.95258331298828
100626_0	35.03529357910156	-27.454544067382812	-70.09380340576172
100627_0	36.030670166015625	-29.90062713623047	-72.46224212646484
100628_0	36.030670166015625	-29.90062713623047	-72.46224212646484
100629_0	36.31656265258789	-30.05930519104004	-71.50135803222656
100630_0	38.28215408325195	-28.492538452148438	-72.99117279052734
100631_0	38.45478057861328	-31.069854736328125	-76.06903839111328
100632_0	38.5916748046875	-29.565940856933594	-75.11270904541016
100633_0	37.695838928222656	-30.82870864868164	-74.611328125
100634_0	39.483795166015625	-29.7470703125	-74.71339416503906
100635_0	39.483795166015625	-29.7470703125	-74.71339416503906
100636_0	39.440948486328125	-28.293258666992188	-72.97747039794922
100637_0	34.824161529541016	-27.55729103088379	-70.39823150634766
100638_0	38.53298568725586	-25.967514038085938	-72.62376403808594
100639_0	35.92962646484375	-30.043811798095703	-76.70055389404297
100640_0	37.284332275390625	-28.585487365722656	-77.23846435546875
100641_0	37.284332275390625	-28.585487365722656	-77.23846435546875
100642_0	34.16189193725586	-28.971309661865234	-73.29383850097656
100643_0	36.69491195678711	-28.86975860595703	-73.6973876953125
100644_0	33.61475372314453	-29.200624465942383	-74.54546356201172
100645_0	32.15375518798828	-28.5772705078125	-67.9803466796875
100646_0	32.15375518798828	-28.5772705078125	-67.9803466796875
100647_0	30.442432403564453	-28.738449096679688	-70.13358306884766
100648_0	34.12236785888672	-27.768291473388672	-70.1141128540039
100649_0	29.910999298095703	-26.306560516357422	-65.2168960571289
100650_0	29.81330108642578	-26.342023849487305	-63.492340087890625
100651_0	31.977203369140625	-26.458484649658203	-68.4841537475586
100652_0	30.79083251953125	-26.412029266357422	-68.41207885742188
100653_0	30.79083251953125	-26.412029266357422	-68.41207885742188
100654_0	25.66716194152832	-26.698007583618164	-68.30024719238281
100655_0	24.129186630249023	-28.403377532958984	-71.51342010498047
100656_0	22.45469856262207	-28.693269729614258	-67.47220611572266
100657_0	22.814857482910156	-29.219524383544922	-72.97611236572266
100658_0	13.37174129486084	-28.399614334106445	-66.72942352294922
100659_0	14.267229080200195	-31.4279727935791	-67.27545166015625
100660_0	3.722651481628418	-30.49381446838379	-61.80061721801758
100661_0	3.722651481628418	-30.49381446838379	-61.80061721801758
100662_0	-1.8118762969970703	-27.548938751220703	-59.32320022583008
100663_0	-2.612908363342285	-29.780189514160156	-56.81144714355469
100664_0	-2.475050926208496	-29.222545623779297	-58.88884735107422
100665_0	-3.5829272270202637	-30.232887268066406	-59.669029235839844
100666_0	-3.861401081085205	-30.649385452270508	-61.10133743286133
100667_0	-3.861401081085205	-30.649385452270508	-61.10133743286133
100668_0	-4.139324188232422	-29.25347137451172	-60.3043098449707
100669_0	-3.804986000061035	-28.271183013916016	-60.13985061645508
100670_0	-2.425361156463623	-27.1597900390625	-60.857303619384766
100671_0	-2.823683261871338	-27.82046127319336	-60.5537223815918
100672_0	-4.032400608062744	-27.340988159179688	-59.056884765625
100673_0	-4.032400608062744	-27.340988159179688	-59.056884765625
100674_0	-4.8564324378967285	-28.0087890625	-58.8031120300293
100675_0	-2.211397647857666	-27.282424926757812	-59.07752227783203
100676_0	-2.4819164276123047	-27.547815322875977	-59.73340606689453
100677_0	-2.2251830101013184	-27.496591567993164	-60.212890625
100678_0	-1.8305158615112305	-28.337665557861328	-62.05870056152344
100679_0	-1.8305158615112305	-28.337665557861328	-62.05870056152344
100680_0	-3.007089138031006	-30.48550796508789	-57.15685272216797
100681_0	-5.162041664123535	-34.2004280090332	-56.75146484375
100682_0	-4.850309371948242	-33.4945182800293	-57.20295715332031
100683_0	-7.0150465965271	-33.99125671386719	-40.85232925415039
100684_0	-5.758730411529541	-37.4834098815918	-41.56324768066406
100685_0	-5.050076961517334	-36.93883514404297	-34.647525787353516
100686_0	-5.050076961517334	-36.93883514404297	-34.647525787353516
100687_0	-8.188974380493164	-40.17580032348633	-33.692325592041016
100688_0	-7.290219306945801	-42.348045349121094	-30.277271270751953
100689_0	-9.645082473754883	-41.41322326660156	-23.37158203125
100690_0	-9.03744125366211	-40.18463897705078	-14.878947257995605
100691_0	-9.00023078918457	-40.30038070678711	-11.990621566772461
100692_0	-9.00023078918457	-40.30038070678711	-11.990621566772461
100693_0	-10.966559410095215	-32.00949478149414	-9.711930274963379
100694_0	-7.614751815795898	-31.247411727905273	-7.587419509887695
100695_0	-7.725910186767578	-27.451866149902344	-1.9174575805664062
100696_0	-7.870503902435303	-26.71039581298828	-1.1993045806884766
100697_0	-7.144833087921143	-27.485248565673828	5.3906755447387695
100698_0	-7.144833087921143	-27.485248565673828	5.3906755447387695
100699_0	-5.443626403808594	-27.359241485595703	5.52995491027832
100700_0	-7.222772598266602	-25.52535629272461	8.664836883544922
100701_0	-8.538419723510742	-26.922861099243164	7.864563941955566
100702_0	-8.306253433227539	-26.04450798034668	6.640172958374023
100703_0	-7.807605743408203	-26.148311614990234	7.97470760345459
100704_0	-7.915993690490723	-24.512651443481445	8.790336608886719
100705_0	-6.868575096130371	-25.868173599243164	7.191867828369141
100706_0	-6.868575096130371	-25.868173599243164	7.191867828369141
100707_0	-7.609121322631836	-26.565542221069336	7.646252632141113
100708_0	-6.276844024658203	-28.90245819091797	8.301885604858398
100709_0	-6.437952995300293	-27.61007308959961	6.769869804382324
100710_0	-6.374629974365234	-26.046255111694336	5.852055072784424
100711_0	-6.716358184814453	-26.39975929260254	6.21248722076416
100712_0	-6.382316589355469	-26.708965301513672	6.638690948486328
100713_0	-6.382316589355469	-26.708965301513672	6.638690948486328
100714_0	-5.168907165527344	-26.193584442138672	5.924502372741699
100715_0	-5.602911949157715	-26.606361389160156	6.79539680480957
100716_0	-5.547089576721191	-25.718374252319336	6.349659442901611
100717_0	-5.44830322265625	-26.740110397338867	4.247097492218018
100718_0	-5.2213826179504395	-26.764171600341797	3.8043265342712402
100719_0	-5.2213826179504395	-26.764171600341797	3.8043265342712402
100720_0	-5.833621025085449	-26.77421760559082	3.5088508129119873
100721_0	-5.90715217590332	-27.017982482910156	3.828364372253418
100722_0	-3.613420009613037	-26.953609466552734	5.13016414642334
100723_0	13.491373062133789	-40.64418411254883	28.412715911865234
